image_name,noise_type,noise_level,denoise_method,clean_betti_0,clean_betti_1,noisy_betti_0,noisy_betti_1,denoised_betti_0,denoised_betti_1,noise_impact_betti_0,noise_impact_betti_1,noise_impact_total,recovery_betti_0,recovery_betti_1,recovery_total,relative_noise_impact,relative_recovery,timestamp,wasserstein_clean_noisy_H0,wasserstein_clean_denoised_H0,wasserstein_noisy_denoised_H0,wasserstein_clean_noisy_H1,wasserstein_clean_denoised_H1,wasserstein_noisy_denoised_H1
Fluoroscent_Red_313,gaussian,0.01,median_filter,8,9449,15,10181,7,9713,7,732,739,1,264,263,0.07814317436819285,0.6441136671177267,2025-11-11T00:04:47.965187,13.360728475967338,1.7106967024211621,15.616503752352969,6609.748175522812,2408.959861186357,4157.753665680087
Fluoroscent_Red_313,gaussian,0.01,bilateral_filter,8,9449,16,9797,8,9098,8,348,356,0,351,351,0.037644073173310755,0.014044943820224698,2025-11-11T00:06:04.432127,15.583578120574256,0.0,15.629943166336648,3184.217551754386,3278.3604661051086,6498.396828803874
Fluoroscent_Red_313,gaussian,0.01,non_local_means,8,9449,13,9681,23,7020,5,232,237,15,2429,2414,0.02506080152268164,-9.185654008438819,2025-11-11T00:07:49.754320,9.410747804559634,34.40563902391916,23.92445185784699,2131.828802422052,27238.581624820323,29824.993455781176
Fluoroscent_Red_313,gaussian,0.01,topological_denoising,8,9449,16,9685,11,8916,8,236,244,3,533,530,0.025800993972718622,-1.1721311475409837,2025-11-11T00:09:21.575225,14.448824633785929,5.445946871605181,9.246929351683937,2161.0955136844264,5085.547437013629,7307.312820299324
Fluoroscent_Red_313,gaussian,0.01,morphological_denoising,8,9449,18,9742,11,8866,10,293,303,3,583,580,0.032039758908744886,-0.9141914191419143,2025-11-11T00:10:37.998804,17.832800041049293,6.234738853173663,12.809218271037794,2684.560821934729,5540.748992264196,8295.06919003823
Fluoroscent_Red_313,gaussian,0.03,median_filter,8,9449,40,10209,7,9714,32,760,792,1,265,264,0.08374748863275872,0.6666666666666667,2025-11-11T00:11:52.898607,67.59478415302118,1.8142570321839258,71.04385699052357,7065.912122256052,2388.057324184825,4519.227692671705
Fluoroscent_Red_313,gaussian,0.03,bilateral_filter,8,9449,42,10253,5,9061,34,804,838,3,388,391,0.08861161044728783,0.5334128878281623,2025-11-11T00:13:09.365891,69.8896743737258,5.388997878329491,75.235860135455,7472.157848906621,3579.558684317779,11109.63689131807
Fluoroscent_Red_313,gaussian,0.03,non_local_means,8,9449,54,11445,8,6809,46,1996,2042,0,2640,2640,0.21592471185365336,-0.2928501469147895,2025-11-11T00:14:57.364879,87.42145285315827,2.947962186247815,102.91346415060515,17718.76483962264,29597.58062839255,50489.37759165073
Fluoroscent_Red_313,gaussian,0.03,topological_denoising,8,9449,55,11461,11,9499,47,2012,2059,3,50,53,0.21772232208945752,0.9742593491986401,2025-11-11T00:16:25.139327,91.51628609617735,6.070202668446687,88.52918023782192,17867.38334907467,460.266045527728,17437.585744983553
Fluoroscent_Red_313,gaussian,0.03,morphological_denoising,8,9449,65,11917,1,8652,57,2468,2525,7,797,804,0.266997990906207,0.6815841584158415,2025-11-11T00:17:42.682582,108.23527240139352,11.56155281280883,127.29042258597798,21533.89009711006,7236.268131094716,28028.94156034656
Fluoroscent_Red_313,gaussian,0.05,median_filter,8,9449,100,11611,12,10234,92,2162,2254,4,785,789,0.23834196891191706,0.6499556344276841,2025-11-11T00:18:57.990471,201.09679647992405,7.397857756321697,202.07947956775945,19542.491719534122,6884.916090986983,11872.634400222736
Fluoroscent_Red_313,gaussian,0.05,bilateral_filter,8,9449,171,13641,4,9539,163,4192,4355,4,90,86,0.4605054457015967,0.9802525832376578,2025-11-11T00:20:12.354901,297.71887796450574,6.7566413575821835,306.1625485289823,35595.405864583256,824.0896302790588,33896.79500061747
Fluoroscent_Red_313,gaussian,0.05,non_local_means,8,9449,126,11891,6,6952,118,2442,2560,2,2497,2499,0.27069895315639214,0.023828124999999978,2025-11-11T00:21:57.040066,248.3912474541089,5.6133639724705,276.6318426620418,21801.637401688742,26717.964488928494,51506.68899924106
Fluoroscent_Red_313,gaussian,0.05,topological_denoising,8,9449,191,13616,4,11137,183,4167,4350,4,1688,1684,0.4599767368087131,0.6128735632183908,2025-11-11T00:23:26.780885,347.3466025647839,6.710870613049995,336.0239449589675,35357.34193528808,14162.325097539273,19031.38016348995
Fluoroscent_Red_313,gaussian,0.05,morphological_denoising,8,9449,194,13447,1,9210,186,3998,4184,7,239,246,0.4424236015649783,0.9412045889101338,2025-11-11T00:24:42.562056,339.78270591983227,11.56155281280883,376.25105984761467,34093.63639524656,2004.954074020452,31806.5997893301
Fluoroscent_Red_313,gaussian,0.08,median_filter,8,9449,821,19417,11,11814,813,9968,10781,3,2365,2368,1.1400021148355717,0.7803543270568593,2025-11-11T00:25:58.138644,1393.2389563271995,4.9696032917593955,1358.959631405854,75227.80814119504,19588.42393250385,50396.48800720734
Fluoroscent_Red_313,gaussian,0.08,bilateral_filter,8,9449,289,13886,3,10055,281,4437,4718,5,606,601,0.4988897113249444,0.8726155150487495,2025-11-11T00:27:13.207359,545.6783543044438,9.002231630192243,534.7382542465103,37392.45233828058,5230.095107027997,30008.166337933122
Fluoroscent_Red_313,gaussian,0.08,non_local_means,8,9449,777,19058,4,6690,769,9609,10378,4,2759,2763,1.097388178069155,0.7337637309693583,2025-11-11T00:28:59.060237,1318.2454369562495,8.38204560319667,1497.8422905357825,72940.9259532222,29519.619485714873,112505.7470000884
Fluoroscent_Red_313,gaussian,0.08,topological_denoising,8,9449,850,18744,8,11487,842,9295,10137,0,2038,2038,1.0719044094321668,0.7989543257373977,2025-11-11T00:30:27.012376,1446.3220618401735,1.1231056256176606,1373.2814653694522,71125.79763902612,16807.684160363544,48609.24536753573
Fluoroscent_Red_313,gaussian,0.08,morphological_denoising,8,9449,691,18784,1,10916,683,9335,10018,7,1467,1460,1.0593211377815375,0.8542623278099422,2025-11-11T00:31:44.775547,1186.416881934136,11.56155281280883,1243.619177104121,71440.40549188509,9925.869177085118,40698.67657997483
Fluoroscent_Red_313,gaussian,0.1,median_filter,8,9449,1249,22039,10,12764,1241,12590,13831,2,3315,3317,1.4625145394945545,0.7601764152989661,2025-11-11T00:33:02.518276,2099.4506460014036,4.164250259738657,2085.321863857151,91389.19945446614,26576.430783675216,56361.153089528816
Fluoroscent_Red_313,gaussian,0.1,bilateral_filter,8,9449,971,19618,1,11061,963,10169,11132,7,1612,1605,1.1771174791159988,0.8558210564139418,2025-11-11T00:34:18.238020,1651.528193913082,11.56155281280883,1717.0296824715606,76174.98137525831,13372.068595052615,56285.047609963425
Fluoroscent_Red_313,gaussian,0.1,non_local_means,8,9449,1055,19963,4,6781,1047,10514,11561,4,2668,2672,1.2224807021254098,0.7688781247296946,2025-11-11T00:36:02.734849,1839.0737126786357,6.81383231600012,1868.2965013527307,78205.63528502219,28362.71287428711,117006.47118076956
Fluoroscent_Red_313,gaussian,0.1,topological_denoising,8,9449,485,16985,17,15948,477,7536,8013,9,6499,6508,0.8473088717352226,0.1878197928366404,2025-11-11T00:37:31.187222,896.0567245669961,13.665812416991011,750.9198686460876,58968.14690452291,47132.00910327756,6147.025342324968
Fluoroscent_Red_313,gaussian,0.1,morphological_denoising,8,9449,1007,19877,1,10077,999,10428,11427,7,628,621,1.2083113037961297,0.9456550275662904,2025-11-11T00:38:47.889917,1723.9851089354115,11.56155281280883,1799.7672430464895,77833.13316683132,3876.5162786303913,41879.97366677096
Fluoroscent_Red_313,salt_pepper,0.01,median_filter,8,9449,6,10303,8,9369,-2,854,852,0,80,80,0.09009199534736179,0.9061032863849765,2025-11-11T00:40:01.934938,4.057709943754526,0.11953506150162418,4.257211795363409,7076.822171503712,739.6768063274933,7785.854061353984
Fluoroscent_Red_313,salt_pepper,0.01,bilateral_filter,8,9449,6,10279,1,9071,-2,830,828,7,378,385,0.08755419266152065,0.5350241545893719,2025-11-11T00:41:15.182345,4.057709943754526,11.56155281280883,5.556905205266116,6885.513526863251,3407.6103324641813,9704.439072589881
Fluoroscent_Red_313,salt_pepper,0.01,non_local_means,8,9449,6,10276,20,6949,-2,827,825,12,2500,2488,0.08723696732579045,-2.0157575757575756,2025-11-11T00:42:59.982843,4.057709943754526,26.935257196794876,28.50640998721561,6861.327232290048,27875.377080723054,33964.70145330398
Fluoroscent_Red_313,salt_pepper,0.01,topological_denoising,8,9449,6,10295,8,8979,-2,846,844,0,470,470,0.089246061118748,0.443127962085308,2025-11-11T00:44:27.253327,4.057709943754526,0.11953506150162418,4.286134534455385,7014.958820621731,4431.381316239449,11195.29874598832
Fluoroscent_Red_313,salt_pepper,0.01,morphological_denoising,8,9449,6,10298,21,10235,-2,849,847,13,786,799,0.0895632864544782,0.05667060212514763,2025-11-11T00:45:43.247277,4.057709943754526,19.73292668484101,19.74626927622541,7036.924924654258,7005.090092472232,502.5165250954698
Fluoroscent_Red_313,salt_pepper,0.03,median_filter,8,9449,1,41,8,9363,-7,-9408,-9415,0,86,86,-0.9955588452997779,0.9908656399362719,2025-11-11T00:46:56.046679,11.56155281280883,0.11953506150162418,12.621320343559642,46590.328876603475,795.4043849902333,46698.4711923038
Fluoroscent_Red_313,salt_pepper,0.03,bilateral_filter,8,9449,1,25,1,25,-7,-9424,-9431,7,9424,9431,-0.9972507137570054,0.0,2025-11-11T00:48:09.470064,11.56155281280883,11.56155281280883,0.0,46655.53497678323,46655.53497678323,0.0
Fluoroscent_Red_313,salt_pepper,0.03,non_local_means,8,9449,1,31,14,7069,-7,-9418,-9425,6,2380,2374,-0.9966162630855451,0.7481167108753315,2025-11-11T00:49:51.155402,11.56155281280883,16.102573815406902,33.171472228575006,46765.670730128484,26282.758511377473,47969.79618816701
Fluoroscent_Red_313,salt_pepper,0.03,topological_denoising,8,9449,1,47,8,8972,-7,-9402,-9409,0,477,477,-0.9949243946283176,0.94930385800829,2025-11-11T00:51:16.404883,11.56155281280883,0.11953506150162418,12.626555154935469,46650.96798498832,4497.845976431829,46398.640175654546
Fluoroscent_Red_313,salt_pepper,0.03,morphological_denoising,8,9449,1,35,80,21767,-7,-9414,-9421,72,12318,12390,-0.9961932959712383,-0.31514701199448036,2025-11-11T00:52:33.384780,11.56155281280883,88.38443665269943,63.20420578709487,46633.07342897924,80443.59167010448,49333.842148349446
Fluoroscent_Red_313,salt_pepper,0.05,median_filter,8,9449,1,295,9,9379,-7,-9154,-9161,1,70,69,-0.9687004335412922,0.9924680711712696,2025-11-11T00:53:46.211166,11.56155281280883,1.692345729073718,13.864328450540825,45367.84456622076,646.7212902329104,45450.18619173077
Fluoroscent_Red_313,salt_pepper,0.05,bilateral_filter,8,9449,1,228,1,228,-7,-9221,-9228,7,9221,9228,-0.9757851327059321,0.0,2025-11-11T00:54:57.129780,11.56155281280883,11.56155281280883,0.0,45672.966187941165,45672.966187941165,0.0
Fluoroscent_Red_313,salt_pepper,0.05,non_local_means,8,9449,1,274,11,7382,-7,-9175,-9182,3,2067,2064,-0.9709210108914031,0.775212372032237,2025-11-11T00:56:37.895170,11.56155281280883,8.75360725027522,22.661581820987546,45471.37401727721,22235.364063999223,46374.48934228438
Fluoroscent_Red_313,salt_pepper,0.05,topological_denoising,8,9449,1,309,8,8967,-7,-9140,-9147,0,482,482,-0.9672200486412181,0.9473051273641631,2025-11-11T00:58:03.832486,11.56155281280883,0.11953506150162418,12.323779517203473,45288.94751475785,4546.220988447119,44974.54685751349
Fluoroscent_Red_313,salt_pepper,0.05,morphological_denoising,8,9449,1,288,21,25974,-7,-9161,-9168,13,16525,16538,-0.9694406259913292,-0.8038830715532286,2025-11-11T00:59:24.965841,11.56155281280883,16.638858490680995,9.828427124746192,45423.564190173194,97837.00227421359,42774.39477144879
Fluoroscent_Red_313,salt_pepper,0.08,median_filter,8,9449,1,1500,9,9372,-7,-7949,-7956,1,77,76,-0.8412815903563498,0.9904474610356964,2025-11-11T01:00:54.587764,11.56155281280883,1.7803543038908267,13.302775637731994,39472.31581633419,711.5095273400268,39458.91655171172
Fluoroscent_Red_313,salt_pepper,0.08,bilateral_filter,8,9449,1,1610,1,1610,-7,-7839,-7846,7,7839,7846,-0.829649994712911,0.0,2025-11-11T01:02:13.566033,11.56155281280883,11.56155281280883,0.0,38943.22048374891,38943.22048374891,0.0
Fluoroscent_Red_313,salt_pepper,0.08,non_local_means,8,9449,1,1575,22,7134,-7,-7874,-7881,14,2315,2301,-0.8333509569630961,0.7080319756376094,2025-11-11T01:03:57.677421,11.56155281280883,36.05353721126827,58.186636700352636,39091.316560090316,25659.24738748387,38129.028989309736
Fluoroscent_Red_313,salt_pepper,0.08,topological_denoising,8,9449,1,1549,8,8944,-7,-7900,-7907,0,505,505,-0.8361002432060907,0.9361325407866448,2025-11-11T01:05:24.061830,11.56155281280883,0.11953506150162418,12.626555154935469,39230.31496569338,4765.213389698109,38535.740965689496
Fluoroscent_Red_313,salt_pepper,0.08,morphological_denoising,8,9449,1,1541,1,21526,-7,-7908,-7915,7,12077,12070,-0.8369461774347045,-0.5249526216045484,2025-11-11T01:06:38.250230,11.56155281280883,11.56155281280883,0.0,39269.60038371021,67970.63287591397,27470.43734951543
Fluoroscent_Red_313,salt_pepper,0.1,median_filter,8,9449,1,3562,9,9367,-7,-5887,-5894,1,82,81,-0.623242042931162,0.986257210722769,2025-11-11T01:07:51.981056,11.56155281280883,1.8206874381275298,14.005234811375827,29283.55231115169,758.2790337045928,29200.16636656918
Fluoroscent_Red_313,salt_pepper,0.1,bilateral_filter,8,9449,1,3677,1,3677,-7,-5772,-5779,7,5772,5779,-0.6110817383948398,0.0,2025-11-11T01:09:06.649573,11.56155281280883,11.56155281280883,0.0,28717.25803809802,28717.25803809802,0.0
Fluoroscent_Red_313,salt_pepper,0.1,non_local_means,8,9449,1,3684,15,7431,-7,-5765,-5772,7,2018,2011,-0.6103415459448027,0.6515939015939016,2025-11-11T01:10:50.957901,11.56155281280883,18.88073312374575,37.65125066820936,28685.25235089582,21974.72782840693,25035.835650432156
Fluoroscent_Red_313,salt_pepper,0.1,topological_denoising,8,9449,1,3502,8,9194,-7,-5947,-5954,0,255,255,-0.6295865496457651,0.9571716493113873,2025-11-11T01:12:17.499511,11.56155281280883,0.12310562561766059,11.302775637731994,29592.864106780886,2365.9579314415655,28819.730338089284
Fluoroscent_Red_313,salt_pepper,0.1,morphological_denoising,8,9449,1,3690,1,15600,-7,-5759,-5766,7,6151,6144,-0.6097070952733425,-0.0655567117585849,2025-11-11T01:13:32.443433,11.56155281280883,11.56155281280883,0.0,28658.517792411,34117.60132514735,15320.848208284064
FLuroscent_Green61,gaussian,0.01,median_filter,1,3106,9915,13188,1,1960,9914,10082,19996,0,1146,1146,6.4357901512713225,0.9426885377075415,2025-11-11T02:26:43.777984,21810.888974161433,0.0,21810.888974161433,40892.531599100366,3949.9586859807873,50141.98154969852
FLuroscent_Green61,gaussian,0.01,bilateral_filter,1,3106,8714,12370,1,1407,8713,9264,17977,0,1699,1699,5.785967170904409,0.9054903487789954,2025-11-11T02:27:19.562250,20093.25395495281,0.0,20093.25395495281,38869.61295563857,6402.177125706254,54002.509030281304
FLuroscent_Green61,gaussian,0.01,non_local_means,1,3106,10036,13144,1,1097,10035,10038,20073,0,2009,2009,6.460572899903444,0.8999153091217058,2025-11-11T02:28:09.951220,22572.182621308413,0.0,22572.182621308413,41050.12488425903,9878.15050404383,71800.77053909551
FLuroscent_Green61,gaussian,0.01,topological_denoising,1,3106,8674,12755,1,1335,8673,9649,18322,0,1771,1771,5.897006758931445,0.9033402466979588,2025-11-11T02:28:54.074759,20280.01833730939,0.0,20280.01833730939,40091.19874384282,7049.346805070413,58214.99704231422
FLuroscent_Green61,gaussian,0.01,morphological_denoising,1,3106,8860,11947,1,1213,8859,8841,17700,0,1893,1893,5.696813646604442,0.8930508474576271,2025-11-11T02:29:30.330814,20980.109209942304,0.0,20980.109209942304,38072.1622757067,7799.118894204749,57840.46069599023
FLuroscent_Green61,gaussian,0.03,median_filter,1,3106,17287,12511,1549,18836,17286,9405,26691,1548,15730,17278,8.590601866752495,0.35266569255554303,2025-11-11T02:30:08.493339,46610.5047673546,2251.6910785400673,32676.680489569684,39851.674124649704,49392.83388951143,27435.529099797008
FLuroscent_Green61,gaussian,0.03,bilateral_filter,1,3106,19196,13283,1,2037,19195,10177,29372,0,1069,1069,9.45349211457998,0.9636047936810568,2025-11-11T02:30:45.393863,49333.5988437748,0.0,49333.5988437748,41951.91392893558,3697.310043209377,51064.799078844364
FLuroscent_Green61,gaussian,0.03,non_local_means,1,3106,18800,13462,1,1132,18799,10356,29155,0,1974,1974,9.383649822980367,0.9322929171668668,2025-11-11T02:31:36.459922,48491.85338143939,0.0,48491.85338143939,42327.79851882522,9594.2567433329,72774.607024301
FLuroscent_Green61,gaussian,0.03,topological_denoising,1,3106,19104,13558,2860,17061,19103,10452,29555,2859,13955,16814,9.51239137431606,0.43109456944679414,2025-11-11T02:32:23.406492,49029.58929019215,4428.661322303124,33443.59649877097,42353.09335306639,47307.214589633324,15419.985774674811
FLuroscent_Green61,gaussian,0.03,morphological_denoising,1,3106,17025,12061,1,1478,17024,8955,25979,0,1628,1628,8.36144190537496,0.9373340005388968,2025-11-11T02:33:00.936876,46371.53439449772,0.0,46371.53439449772,38461.90659631492,5857.395253441329,51324.38358968496
FLuroscent_Green61,gaussian,0.05,median_filter,1,3106,22451,16127,3393,24161,22450,13021,35471,3392,21055,24447,11.416478918570968,0.3107890953173015,2025-11-11T02:33:38.699914,52306.290294474275,3760.2712761221846,32777.11800650183,47539.406377325126,57677.23105158806,26926.107829041404
FLuroscent_Green61,gaussian,0.05,bilateral_filter,1,3106,21020,15673,935,18180,21019,12567,33586,934,15074,16008,10.809784357901513,0.5233728339188948,2025-11-11T02:34:16.243915,51109.22604660755,1338.6923497351609,38823.402097540165,45525.17555853494,48101.024928397375,9458.615962614493
FLuroscent_Green61,gaussian,0.05,non_local_means,1,3106,27525,16625,1,1025,27524,13519,41043,0,2081,2081,13.20984872867718,0.9492970786735863,2025-11-11T02:35:07.410689,58270.86267760816,0.0,58270.86267760816,48781.36858822984,10018.064001429118,83882.08241186436
FLuroscent_Green61,gaussian,0.05,topological_denoising,1,3106,21246,15697,1067,20624,21245,12591,33836,1066,17518,18584,10.890247827486322,0.450762501477716,2025-11-11T02:35:50.946457,52073.598322561746,1433.675577106266,38311.93520421691,46367.223676128815,50309.32846245684,17318.320545966166
FLuroscent_Green61,gaussian,0.05,morphological_denoising,1,3106,22689,16303,1,837,22688,13197,35885,0,2269,2269,11.549726424203412,0.9367702382611118,2025-11-11T02:36:28.194859,53503.75600811705,0.0,53503.75600811705,48030.20092838431,7849.421658134574,62648.25100167846
FLuroscent_Green61,gaussian,0.08,median_filter,1,3106,32493,27360,2642,29620,32492,24254,56746,2641,26514,29155,18.263920180238173,0.48621929298981426,2025-11-11T02:37:06.042063,49936.873538908,2820.8689813522747,38886.985576217274,67644.8379295448,67129.2804611418,5175.098961678
FLuroscent_Green61,gaussian,0.08,bilateral_filter,1,3106,30932,23627,1802,24544,30931,20521,51452,1801,21438,23239,16.560025748310267,0.5483363134572028,2025-11-11T02:37:44.238417,48320.644387734166,2006.0276559393915,38984.17846759291,59223.550695505204,59103.04947950301,2399.0560684116595
FLuroscent_Green61,gaussian,0.08,non_local_means,1,3106,31902,25833,1,997,31901,22727,54628,0,2109,2109,17.582233665915673,0.9613934246174123,2025-11-11T02:38:35.149647,49505.352142043856,0.0,49505.352142043856,64101.893997090316,9607.505799262148,107709.72483596983
FLuroscent_Green61,gaussian,0.08,topological_denoising,1,3106,31685,24840,2237,29592,31684,21734,53418,2236,26486,28722,17.1927904731252,0.46231607323374146,2025-11-11T02:39:19.094071,49468.07593380883,2351.6278671134555,38479.1605695673,61689.7477255292,66442.40018106536,10977.81639769517
FLuroscent_Green61,gaussian,0.08,morphological_denoising,1,3106,31335,23669,1,396,31334,20563,51897,0,2710,2710,16.703250724171227,0.9477811819565678,2025-11-11T02:39:56.083361,49173.77436463704,0.0,49173.77436463704,60522.10672165649,7873.356977263053,64983.74517566994
FLuroscent_Green61,gaussian,0.1,median_filter,1,3106,33602,31262,2437,32075,33601,28156,61757,2436,28969,31405,19.876729964596073,0.4914746506468902,2025-11-11T02:40:34.531787,44941.752018736464,2561.4452514211885,37232.10549282547,73193.65983994793,71095.78583024356,1652.0465825512051
FLuroscent_Green61,gaussian,0.1,bilateral_filter,1,3106,31440,27810,4009,26979,31439,24704,56143,4008,23873,27881,18.069842291599613,0.5033931211370963,2025-11-11T02:41:12.500155,43335.18106732351,4470.140868899363,34205.258736236,65971.816959894,64441.579619846336,1944.1443559528448
FLuroscent_Green61,gaussian,0.1,non_local_means,1,3106,31495,29330,1,1083,31494,26224,57718,0,2023,2023,18.576762149983907,0.9649502754773208,2025-11-11T02:42:03.882144,43127.374238792014,0.0,43127.374238792014,69432.09321052597,8690.493134710074,110276.16171074651
FLuroscent_Green61,gaussian,0.1,topological_denoising,1,3106,33438,30813,578,33353,33437,27707,61144,577,30247,30824,19.679433537174123,0.4958785817087531,2025-11-11T02:42:50.127688,44493.286144259546,594.1012475063725,38783.70339536174,72520.29296551194,72094.42955339738,4999.134775510186
FLuroscent_Green61,gaussian,0.1,morphological_denoising,1,3106,33260,31451,1,209,33259,28345,61604,0,2897,2897,19.82748632121017,0.9529738328679955,2025-11-11T02:43:26.629501,44135.64063224671,0.0,44135.64063224671,73552.17659128617,7412.825403346713,65471.36220604316
FLuroscent_Green61,salt_pepper,0.01,median_filter,1,3106,1,0,1,1635,0,-3106,-3106,0,1471,1471,-0.9996781461216607,0.5264005151320026,2025-11-11T02:44:00.338396,0.0,0.0,0.0,9431.868016887402,5311.058114319619,6840.569936044694
FLuroscent_Green61,salt_pepper,0.01,bilateral_filter,1,3106,1,0,1,0,0,-3106,-3106,0,3106,3106,-0.9996781461216607,0.0,2025-11-11T02:44:33.568885,0.0,0.0,0.0,9431.868016887402,9431.868016887402,0.0
FLuroscent_Green61,salt_pepper,0.01,non_local_means,1,3106,1,0,1,1075,0,-3106,-3106,0,2031,2031,-0.9996781461216607,0.34610431423052157,2025-11-11T02:45:23.914144,0.0,0.0,0.0,9431.868016887402,9608.834496188554,6892.8952300134015
FLuroscent_Green61,salt_pepper,0.01,topological_denoising,1,3106,1,0,1,1189,0,-3106,-3106,0,1917,1917,-0.9996781461216607,0.3828074694140373,2025-11-11T02:46:05.553825,0.0,0.0,0.0,9431.868016887402,7792.513026788771,6055.212343793593
FLuroscent_Green61,salt_pepper,0.01,morphological_denoising,1,3106,1,0,1,1317,0,-3106,-3106,0,1789,1789,-0.9996781461216607,0.42401802962009016,2025-11-11T02:46:42.832290,0.0,0.0,0.0,9431.868016887402,7159.281293451624,6516.072865103813
FLuroscent_Green61,salt_pepper,0.03,median_filter,1,3106,1,19,1,1654,0,-3087,-3087,0,1452,1452,-0.9935629224332153,0.5296404275996113,2025-11-11T02:47:19.579107,0.0,0.0,0.0,5818.242562211106,5219.898459793753,4028.912394504348
FLuroscent_Green61,salt_pepper,0.03,bilateral_filter,1,3106,1,23,1,23,0,-3083,-3083,0,3083,3083,-0.9922755069198583,0.0,2025-11-11T02:47:55.633916,0.0,0.0,0.0,5828.438119605181,5828.438119605181,0.0
FLuroscent_Green61,salt_pepper,0.03,non_local_means,1,3106,1,29,6009,8337,0,-3077,-3077,6008,5231,11239,-0.990344383649823,-2.6525836854078646,2025-11-11T02:48:48.696723,0.0,21004.925478340912,21004.925478340912,5861.066518428084,29881.16866300612,37894.69277103055
FLuroscent_Green61,salt_pepper,0.03,topological_denoising,1,3106,1,18,1,1188,0,-3088,-3088,0,1918,1918,-0.9938847763115546,0.3788860103626943,2025-11-11T02:49:32.539207,0.0,0.0,0.0,5793.015278507133,7801.371505624943,3446.595286684569
FLuroscent_Green61,salt_pepper,0.03,morphological_denoising,1,3106,1,30,26259,24627,0,-3076,-3076,26258,21521,47779,-0.9900225297714838,-14.532834850455137,2025-11-11T02:50:12.566897,0.0,60359.82587619093,60359.82587619093,5796.428647867085,66233.42764238315,46729.242969276675
FLuroscent_Green61,salt_pepper,0.05,median_filter,1,3106,1,115,1,1677,0,-2991,-2991,0,1429,1429,-0.9626649501126489,0.5222333667669676,2025-11-11T02:50:49.156997,0.0,0.0,0.0,5656.751729142586,5120.051979200863,3842.533031809552
FLuroscent_Green61,salt_pepper,0.05,bilateral_filter,1,3106,1,160,1,160,0,-2946,-2946,0,2946,2946,-0.9481815255873833,0.0,2025-11-11T02:51:26.024608,0.0,0.0,0.0,5574.575913155447,5574.575913155447,0.0
FLuroscent_Green61,salt_pepper,0.05,non_local_means,1,3106,1,102,2745,11606,0,-3004,-3004,2744,8500,11244,-0.9668490505310589,-2.7430093209054593,2025-11-11T02:52:21.561128,0.0,6370.319480979113,6370.319480979113,5681.652001281695,36282.359379500966,35701.85174507627
FLuroscent_Green61,salt_pepper,0.05,topological_denoising,1,3106,1,100,1,1190,0,-3006,-3006,0,1916,1916,-0.9674927582877374,0.3626081170991351,2025-11-11T02:53:06.045539,0.0,0.0,0.0,5676.248858022356,7783.1309521015755,3222.888333191533
FLuroscent_Green61,salt_pepper,0.05,morphological_denoising,1,3106,1,109,23698,40819,0,-2997,-2997,23697,37713,61410,-0.9645960733826843,-19.49049049049049,2025-11-11T02:53:46.402602,0.0,24239.079722714683,24239.079722714683,5670.339573115715,92417.33873926332,52101.67730403413
FLuroscent_Green61,salt_pepper,0.08,median_filter,1,3106,1,800,1,1670,0,-2306,-2306,0,1436,1436,-0.7421950434502735,0.3772766695576756,2025-11-11T02:54:23.063127,0.0,0.0,0.0,4379.948666236814,5147.991852965171,2175.4559867814164
FLuroscent_Green61,salt_pepper,0.08,bilateral_filter,1,3106,1,693,1,693,0,-2413,-2413,0,2413,2413,-0.7766334084325717,0.0,2025-11-11T02:54:59.166129,0.0,0.0,0.0,4596.622649757462,4596.622649757462,0.0
FLuroscent_Green61,salt_pepper,0.08,non_local_means,1,3106,1,773,2672,13197,0,-2333,-2333,2671,10091,12762,-0.7508850981654329,-4.470210030004286,2025-11-11T02:55:52.169457,0.0,5739.834855611011,5739.834855611011,4438.523394032464,41182.071454136974,36281.04370575128
FLuroscent_Green61,salt_pepper,0.08,topological_denoising,1,3106,1,824,1,1177,0,-2282,-2282,0,1929,1929,-0.734470550370132,0.1546888694127958,2025-11-11T02:56:36.014072,0.0,0.0,0.0,4343.2529235438105,7891.524297845676,1106.5181993457754
FLuroscent_Green61,salt_pepper,0.08,morphological_denoising,1,3106,1,809,1474,40764,0,-2297,-2297,1473,37658,39131,-0.7392983585452204,-16.035698737483674,2025-11-11T02:57:13.964261,0.0,897.1570053972067,897.1570053972067,4370.27266948323,89730.22248752114,48546.83203848745
FLuroscent_Green61,salt_pepper,0.1,median_filter,1,3106,1,1753,1,1646,0,-1353,-1353,0,1460,1460,-0.43546829739298354,-0.07908351810790837,2025-11-11T02:57:51.695873,0.0,0.0,0.0,2609.8722451915123,5278.294236834883,335.76621367299066
FLuroscent_Green61,salt_pepper,0.1,bilateral_filter,1,3106,1,1920,1,1920,0,-1186,-1186,0,1186,1186,-0.38171869971033145,0.0,2025-11-11T02:58:28.877456,0.0,0.0,0.0,2300.532056883753,2300.532056883753,0.0
FLuroscent_Green61,salt_pepper,0.1,non_local_means,1,3106,1,1738,2660,14380,0,-1368,-1368,2659,11274,13933,-0.4402961055680721,-9.184941520467836,2025-11-11T02:59:22.647486,0.0,4725.937646985135,4725.937646985135,2635.752136287847,43581.31839851283,34222.449808270685
FLuroscent_Green61,salt_pepper,0.1,topological_denoising,1,3106,1,1855,1,1183,0,-1251,-1251,0,1923,1923,-0.40263920180238166,-0.5371702637889688,2025-11-11T03:00:06.688573,0.0,0.0,0.0,2420.7896220587363,7827.197948651756,2029.1051549359681
FLuroscent_Green61,salt_pepper,0.1,morphological_denoising,1,3106,1,1915,97,30972,0,-1191,-1191,96,27866,27962,-0.3833279691020277,-22.47774979009236,2025-11-11T03:00:44.083628,0.0,52.44974746830584,52.44974746830584,2310.7592344827326,67148.68847486223,36290.2007392199
Fluroscent_Yellow,gaussian,0.01,median_filter,1,878,1,972,1,829,0,94,94,0,49,49,0.10693970420932875,0.4787234042553191,2025-11-11T04:08:58.388198,0.0,0.0,0.0,1148.7047648894675,650.652414569982,1797.1804314341498
Fluroscent_Yellow,gaussian,0.01,bilateral_filter,1,878,1,874,1,647,0,-4,-4,0,231,231,-0.004550625711035261,-56.75,2025-11-11T04:09:31.883536,0.0,0.0,0.0,52.03589941185736,3599.2904659033898,3556.618295463383
Fluroscent_Yellow,gaussian,0.01,non_local_means,1,878,1,831,1,466,0,-47,-47,0,412,412,-0.05346985210466437,-7.76595744680851,2025-11-11T04:10:19.811361,0.0,0.0,0.0,620.6245292850693,7844.693993881489,7059.673568847552
Fluroscent_Yellow,gaussian,0.01,topological_denoising,1,878,1,843,1,618,0,-35,-35,0,260,260,-0.03981797497155859,-6.428571428571429,2025-11-11T04:11:00.928595,0.0,0.0,0.0,462.6335194300956,4131.423343494845,3645.545903866264
Fluroscent_Yellow,gaussian,0.01,morphological_denoising,1,878,1,848,1,642,0,-30,-30,0,236,236,-0.03412969283276446,-6.866666666666666,2025-11-11T04:11:36.137630,0.0,0.0,0.0,395.52611602371144,3721.705814411829,3306.3271555346164
Fluroscent_Yellow,gaussian,0.03,median_filter,1,878,1,844,1,745,0,-34,-34,0,133,133,-0.03868031854379972,-2.911764705882353,2025-11-11T04:12:09.658336,0.0,0.0,0.0,454.8072398645739,1924.7462138313776,1479.6086985854563
Fluroscent_Yellow,gaussian,0.03,bilateral_filter,1,878,1,934,1,665,0,56,56,0,213,213,0.06370875995449365,-2.8035714285714284,2025-11-11T04:12:45.051791,0.0,0.0,0.0,701.7879124239372,3263.3994685909142,3991.722607272101
Fluroscent_Yellow,gaussian,0.03,non_local_means,1,878,1,862,1,464,0,-16,-16,0,414,414,-0.018202502844141044,-24.875,2025-11-11T04:13:33.602163,0.0,0.0,0.0,207.9573596979473,7882.226149946685,7608.767509032856
Fluroscent_Yellow,gaussian,0.03,topological_denoising,1,878,1,792,1,626,0,-86,-86,0,252,252,-0.09783845278725822,-1.9302325581395348,2025-11-11T04:14:14.021220,0.0,0.0,0.0,1155.9786301214963,3972.5997984704222,2707.6496169847833
Fluroscent_Yellow,gaussian,0.03,morphological_denoising,1,878,1,933,1,629,0,55,55,0,249,249,0.0625711035267349,-3.5272727272727273,2025-11-11T04:14:48.078693,0.0,0.0,0.0,695.074230793325,3961.3323951869093,4729.113592591562
Fluroscent_Yellow,gaussian,0.05,median_filter,1,878,1,740,1,673,0,-138,-138,0,205,205,-0.15699658703071673,-0.48550724637681153,2025-11-11T04:15:21.105141,0.0,0.0,0.0,2008.3379942671227,3088.009951902734,1117.3103508989177
Fluroscent_Yellow,gaussian,0.05,bilateral_filter,1,878,1,808,1,686,0,-70,-70,0,192,192,-0.07963594994311718,-1.7428571428571429,2025-11-11T04:15:54.456401,0.0,0.0,0.0,952.2961881970142,2839.173521548011,1888.5236777330356
Fluroscent_Yellow,gaussian,0.05,non_local_means,1,878,1,848,1,464,0,-30,-30,0,414,414,-0.03412969283276446,-12.8,2025-11-11T04:16:41.784103,0.0,0.0,0.0,404.6096849439938,7875.189689876788,7475.516870722399
Fluroscent_Yellow,gaussian,0.05,topological_denoising,1,878,1,709,1,743,0,-169,-169,0,135,135,-0.19226393629124006,0.20118343195266275,2025-11-11T04:17:20.890779,0.0,0.0,0.0,2469.0134137340356,1926.0429335476385,544.3017140962028
Fluroscent_Yellow,gaussian,0.05,morphological_denoising,1,878,1,894,1,883,0,16,16,0,5,5,0.018202502844141044,0.6875,2025-11-11T04:17:55.318716,0.0,0.0,0.0,210.0736663653243,70.59823948766413,139.8981026922549
Fluroscent_Yellow,gaussian,0.08,median_filter,1,878,1,864,1,851,0,-14,-14,0,27,27,-0.015927189988623414,-0.9285714285714286,2025-11-11T04:18:29.712544,0.0,0.0,0.0,185.7098550642905,352.4882180705772,174.58734374542286
Fluroscent_Yellow,gaussian,0.08,bilateral_filter,1,878,1,878,1,766,0,0,0,0,112,112,0.0,-111.0,2025-11-11T04:19:03.304252,0.0,0.0,0.0,2.130708965352099,1571.5449623857844,1592.663866004793
Fluroscent_Yellow,gaussian,0.08,non_local_means,1,878,1,806,1,464,0,-72,-72,0,414,414,-0.08191126279863481,-4.75,2025-11-11T04:19:50.519308,0.0,0.0,0.0,987.658131969735,7837.3711745554965,6725.100423312523
Fluroscent_Yellow,gaussian,0.08,topological_denoising,1,878,1,912,1,1010,0,34,34,0,132,132,0.03868031854379983,-2.8823529411764706,2025-11-11T04:20:28.997391,0.0,0.0,0.0,438.77053655906013,1570.0420974354638,1149.8438748710582
Fluroscent_Yellow,gaussian,0.08,morphological_denoising,1,878,1,902,1,1327,0,24,24,0,449,449,0.027303754266211566,-17.708333333333332,2025-11-11T04:21:03.183981,0.0,0.0,0.0,314.69039900793354,4672.195205054359,4415.14030452504
Fluroscent_Yellow,gaussian,0.1,median_filter,1,878,1,2311,1,980,0,1433,1433,0,102,102,1.6302616609783844,0.9288206559665039,2025-11-11T04:21:38.101676,0.0,0.0,0.0,13612.090765595447,1241.5283561036383,11665.055012690307
Fluroscent_Yellow,gaussian,0.1,bilateral_filter,1,878,1,2979,1,730,0,2101,2101,0,148,148,2.390216154721274,0.9295573536411232,2025-11-11T04:22:13.237223,0.0,0.0,0.0,18814.161396359217,2153.895907248318,23853.99118757564
Fluroscent_Yellow,gaussian,0.1,non_local_means,1,878,1,2363,1,464,0,1485,1485,0,414,414,1.689419795221843,0.7212121212121212,2025-11-11T04:23:03.916320,0.0,0.0,0.0,14027.57259541456,7827.264802544982,29306.132350645337
Fluroscent_Yellow,gaussian,0.1,topological_denoising,1,878,1,2382,1,1003,0,1504,1504,0,125,125,1.7110352673492604,0.9168882978723404,2025-11-11T04:23:42.957151,0.0,0.0,0.0,14175.62695607813,1498.100601753085,11647.53494244785
Fluroscent_Yellow,gaussian,0.1,morphological_denoising,1,878,1,2411,1,1467,0,1533,1533,0,589,589,1.7440273037542662,0.6157860404435747,2025-11-11T04:24:17.970766,0.0,0.0,0.0,14375.29955065817,5801.145617929759,5958.312531080008
Fluroscent_Yellow,salt_pepper,0.01,median_filter,1,878,1,1603,1,850,0,725,725,0,28,28,0.8248009101251421,0.9613793103448276,2025-11-11T04:24:51.608872,0.0,0.0,0.0,7091.675599862375,369.19572309574073,7573.905593712192
Fluroscent_Yellow,salt_pepper,0.01,bilateral_filter,1,878,1,1607,1,983,0,729,729,0,105,105,0.8293515358361774,0.8559670781893004,2025-11-11T04:25:24.722799,0.0,0.0,0.0,7115.4970146659125,1257.1485837735124,5456.246702446254
Fluroscent_Yellow,salt_pepper,0.01,non_local_means,1,878,1,1574,1,466,0,696,696,0,412,412,0.7918088737201365,0.40804597701149425,2025-11-11T04:26:13.338569,0.0,0.0,0.0,6845.545841879108,7847.5050990046275,17681.38403910635
Fluroscent_Yellow,salt_pepper,0.01,topological_denoising,1,878,1,1603,1,618,0,725,725,0,260,260,0.8248009101251421,0.6413793103448275,2025-11-11T04:26:53.094681,0.0,0.0,0.0,7089.306321472086,4136.51260755153,12575.362556585442
Fluroscent_Yellow,salt_pepper,0.01,morphological_denoising,1,878,1,1577,1,867,0,699,699,0,11,11,0.795221843003413,0.9842632331902719,2025-11-11T04:27:27.619654,0.0,0.0,0.0,6890.61606263771,144.77005122966352,7081.754341530271
Fluroscent_Yellow,salt_pepper,0.03,median_filter,1,878,1,2505,1,845,0,1627,1627,0,33,33,1.850967007963595,0.9797172710510141,2025-11-11T04:28:00.967746,0.0,0.0,0.0,13448.389941630954,436.1217315621949,14230.951144171204
Fluroscent_Yellow,salt_pepper,0.03,bilateral_filter,1,878,1,2520,1,1538,0,1642,1642,0,660,660,1.8680318543799772,0.5980511571254568,2025-11-11T04:28:35.039921,0.0,0.0,0.0,13572.173792530843,6466.852355147779,5011.475104733016
Fluroscent_Yellow,salt_pepper,0.03,non_local_means,1,878,1,2506,1,464,0,1628,1628,0,414,414,1.8521046643913537,0.7457002457002457,2025-11-11T04:29:23.165475,0.0,0.0,0.0,13463.969402712391,7895.204728891829,29449.941858415943
Fluroscent_Yellow,salt_pepper,0.03,topological_denoising,1,878,1,2458,1,614,0,1580,1580,0,264,264,1.7974971558589306,0.8329113924050633,2025-11-11T04:30:04.221765,0.0,0.0,0.0,13117.00662286663,4214.175933086032,20925.076618239596
Fluroscent_Yellow,salt_pepper,0.03,morphological_denoising,1,878,1,2498,1,2213,0,1620,1620,0,1335,1335,1.8430034129692832,0.17592592592592593,2025-11-11T04:30:38.676635,0.0,0.0,0.0,13410.121656956208,11821.501556482763,1192.8807061755863
Fluroscent_Yellow,salt_pepper,0.05,median_filter,1,878,1,2862,1,844,0,1984,1984,0,34,34,2.2571103526734926,0.9828629032258065,2025-11-11T04:31:12.956568,0.0,0.0,0.0,15328.676259027206,449.44566746259903,16222.073223851117
Fluroscent_Yellow,salt_pepper,0.05,bilateral_filter,1,878,1,2854,1,2064,0,1976,1976,0,1186,1186,2.248009101251422,0.3997975708502024,2025-11-11T04:31:49.782034,0.0,0.0,0.0,15274.337666448397,10337.970559115442,2769.2094903935913
Fluroscent_Yellow,salt_pepper,0.05,non_local_means,1,878,1,2879,1,485,0,2001,2001,0,393,393,2.2764505119453924,0.8035982008995503,2025-11-11T04:32:39.261697,0.0,0.0,0.0,15456.49322722947,7294.531915946688,31999.061176069066
Fluroscent_Yellow,salt_pepper,0.05,topological_denoising,1,878,1,2905,1,616,0,2027,2027,0,262,262,2.306029579067122,0.8707449432659102,2025-11-11T04:33:19.210359,0.0,0.0,0.0,15644.069346843995,4173.745571313634,24564.92533348905
Fluroscent_Yellow,salt_pepper,0.05,morphological_denoising,1,878,1,2870,1,2780,0,1992,1992,0,1902,1902,2.266211604095563,0.04518072289156627,2025-11-11T04:33:53.628212,0.0,0.0,0.0,15405.578609175753,15096.29632813656,256.9399930158224
Fluroscent_Yellow,salt_pepper,0.08,median_filter,1,878,1,3514,1,815,0,2636,2636,0,63,63,2.9988623435722412,0.9761001517450683,2025-11-11T04:34:26.750366,0.0,0.0,0.0,19290.48151010302,843.1898616727541,21049.562920683762
Fluroscent_Yellow,salt_pepper,0.08,bilateral_filter,1,878,1,3315,1,2909,0,2437,2437,0,2031,2031,2.7724687144482365,0.16659827656955273,2025-11-11T04:35:00.497006,0.0,0.0,0.0,17908.6570127078,15909.482037585993,919.8953410055349
Fluroscent_Yellow,salt_pepper,0.08,non_local_means,1,878,1,3440,1,465,0,2562,2562,0,413,413,2.9146757679180886,0.8387978142076502,2025-11-11T04:35:48.598300,0.0,0.0,0.0,18781.095014087427,7855.318388110621,39963.722741907586
Fluroscent_Yellow,salt_pepper,0.08,topological_denoising,1,878,1,3445,1,612,0,2567,2567,0,266,266,2.920364050056883,0.8963770938839112,2025-11-11T04:36:28.798494,0.0,0.0,0.0,18820.34499763648,4251.112277216099,29455.517610605635
Fluroscent_Yellow,salt_pepper,0.08,morphological_denoising,1,878,1,3396,1,2174,0,2518,2518,0,1296,1296,2.864618885096701,0.48530579825258147,2025-11-11T04:37:03.418922,0.0,0.0,0.0,18485.872737964783,9790.210576001531,2371.363767365788
Fluroscent_Yellow,salt_pepper,0.1,median_filter,1,878,1,4373,1,780,0,3495,3495,0,98,98,3.9761092150170647,0.9719599427753934,2025-11-11T04:37:37.909949,0.0,0.0,0.0,25045.97957110867,1369.5879338899783,29607.358491292835
Fluroscent_Yellow,salt_pepper,0.1,bilateral_filter,1,878,1,4352,1,3943,0,3474,3474,0,3065,3065,3.9522184300341294,0.11773172135866439,2025-11-11T04:38:13.095694,0.0,0.0,0.0,24907.28756273188,22784.497643124818,695.2854148786321
Fluroscent_Yellow,salt_pepper,0.1,non_local_means,1,878,1,4299,1,458,0,3421,3421,0,420,420,3.891922639362912,0.8772288804443146,2025-11-11T04:39:01.334187,0.0,0.0,0.0,24545.21538562848,8072.882189964917,51768.326023725844
Fluroscent_Yellow,salt_pepper,0.1,topological_denoising,1,878,1,4243,1,536,0,3365,3365,0,342,342,3.828213879408419,0.8983655274888559,2025-11-11T04:39:42.497648,0.0,0.0,0.0,24176.294786575418,5893.1937545430565,42645.64916413595
Fluroscent_Yellow,salt_pepper,0.1,morphological_denoising,1,878,1,4523,1,1375,0,3645,3645,0,497,497,4.146757679180888,0.8636488340192043,2025-11-11T04:40:17.264024,0.0,0.0,0.0,26074.153815187998,3747.754670760244,5191.394097577397
MouseSlice,gaussian,0.01,median_filter,3,5,3,5,2,3,0,0,0,1,2,3,0.0,-2.0,2025-11-11T04:55:15.570411,0.0,10.875,10.875,0.0,34.01022611161504,34.00784650745218
MouseSlice,gaussian,0.01,bilateral_filter,3,5,3,5,1,3,0,0,0,2,2,4,0.0,-3.0,2025-11-11T04:55:18.388324,0.0,9.5,9.5,0.0,33.95323500445562,33.95323500445562
MouseSlice,gaussian,0.01,non_local_means,3,5,3,5,1,2,0,0,0,2,3,5,0.0,-4.0,2025-11-11T04:55:19.452308,0.0,9.5,9.5,0.0,49.752472651321504,49.73134666115661
MouseSlice,gaussian,0.01,topological_denoising,3,5,3,5,2,3,0,0,0,1,2,3,0.0,-2.0,2025-11-11T04:55:20.127509,0.0,10.875,10.875,0.0,34.01022611161504,34.01734881842508
MouseSlice,gaussian,0.01,morphological_denoising,3,5,3,5,1,3,0,0,0,2,2,4,0.0,-3.0,2025-11-11T04:55:20.722925,0.0,9.5,9.5,0.0,34.258847253519576,34.258847253519576
MouseSlice,gaussian,0.03,median_filter,3,5,3,5,2,3,0,0,0,1,2,3,0.0,-2.0,2025-11-11T04:55:21.226600,0.0,10.125,10.125,0.0,34.014192118553154,33.95903309778487
MouseSlice,gaussian,0.03,bilateral_filter,3,5,3,5,1,3,0,0,0,2,2,4,0.0,-3.0,2025-11-11T04:55:21.719304,0.0,9.5,9.5,0.0,33.95323500445562,33.96035771126566
MouseSlice,gaussian,0.03,non_local_means,3,5,3,5,1,2,0,0,0,2,3,5,0.0,-4.0,2025-11-11T04:55:22.721525,0.0,9.5,9.5,0.0,49.752472651321504,49.75150901027527
MouseSlice,gaussian,0.03,topological_denoising,3,5,3,5,2,3,0,0,0,1,2,3,0.0,-2.0,2025-11-11T04:55:23.424997,1.0,10.875,12.0,0.0,34.019514126615185,34.017134522452324
MouseSlice,gaussian,0.03,morphological_denoising,3,5,3,6,2,5,0,1,1,1,0,1,0.125,0.0,2025-11-11T04:55:24.018012,1.0,5.673006013006622,6.721196392196026,6.840476305228801,0.05359707720253937,6.7905241695863
MouseSlice,gaussian,0.05,median_filter,3,5,3,5,3,4,0,0,0,0,1,1,0.0,0.0,2025-11-11T04:55:24.652383,0.038404810405298306,3.0,3.0384048104052983,0.0,22.11719851139659,22.15583603006542
MouseSlice,gaussian,0.05,bilateral_filter,3,5,2,3,1,3,-1,-2,-3,2,2,4,-0.375,-0.33333333333333326,2025-11-11T04:55:25.234020,10.875,9.5,3.0,33.937693695926384,33.85681346688662,0.0
MouseSlice,gaussian,0.05,non_local_means,3,5,3,5,1,2,0,0,0,2,3,5,0.0,-4.0,2025-11-11T04:55:26.055953,1.0,9.5,10.0,0.05359707720253937,49.752472651321504,49.742473092614574
MouseSlice,gaussian,0.05,topological_denoising,3,5,3,5,3,5,0,0,0,0,0,0,0.0,1.0,2025-11-11T04:55:26.663106,0.0,0.0,0.0,0.05359707720253937,0.05359707720253937,0.0
MouseSlice,gaussian,0.05,morphological_denoising,3,5,4,6,1,3,1,1,2,2,2,4,0.25,-1.0,2025-11-11T04:55:27.136438,6.125,9.5,16.5,6.9958105657178695,34.91560343169441,44.507788764710064
MouseSlice,gaussian,0.08,median_filter,3,5,3,5,2,3,0,0,0,1,2,3,0.0,-2.0,2025-11-11T04:55:27.581669,1.0,10.875,12.0,0.05359707720253937,33.94351475083477,33.92885306250907
MouseSlice,gaussian,0.08,bilateral_filter,3,5,2,3,2,3,-1,-2,-3,1,2,3,-0.375,0.0,2025-11-11T04:55:28.045700,10.875,10.875,0.0,33.92158336432303,33.94599726374258,0.10841708754207957
MouseSlice,gaussian,0.08,non_local_means,3,5,2,5,1,2,-1,0,-1,2,3,5,-0.125,-4.0,2025-11-11T04:55:28.947261,5.625,9.5,6.5,0.0,49.752472651321504,49.899756537480876
MouseSlice,gaussian,0.08,topological_denoising,3,5,3,5,4,6,0,0,0,1,1,2,0.0,-1.0,2025-11-11T04:55:29.527730,0.0,4.708333333333334,4.708333333333334,0.05359707720253937,6.916251484451218,6.826327731306562
MouseSlice,gaussian,0.08,morphological_denoising,3,5,3,5,1,3,0,0,0,2,2,4,0.0,-3.0,2025-11-11T04:55:30.035383,0.0,9.5,9.5,0.0,33.88838136588126,34.041955399162916
MouseSlice,gaussian,0.1,median_filter,3,5,2,5,3,6,-1,0,-1,0,1,1,-0.125,0.0,2025-11-11T04:55:30.551130,5.625,0.0,6.125,0.0,7.0576175977139926,6.930642822074833
MouseSlice,gaussian,0.1,bilateral_filter,3,5,3,4,1,3,0,-1,-1,2,2,4,-0.125,-3.0,2025-11-11T04:55:31.019607,2.0,9.5,8.5,22.312052340771274,34.09682674545442,12.296201762235961
MouseSlice,gaussian,0.1,non_local_means,3,5,4,6,1,2,1,1,2,2,3,5,0.25,-1.5,2025-11-11T04:55:31.835171,6.125,9.5,16.5,7.095165838976513,49.83163610791949,61.673325557067926
MouseSlice,gaussian,0.1,topological_denoising,3,5,4,6,3,4,1,1,2,0,1,1,0.25,0.5,2025-11-11T04:55:32.473321,4.541666666666666,4.0,8.041666666666666,6.860423253568755,22.008301967975367,30.085352600393747
MouseSlice,gaussian,0.1,morphological_denoising,3,5,2,3,1,3,-1,-2,-3,2,2,4,-0.375,-0.33333333333333326,2025-11-11T04:55:33.051368,10.125,9.5,3.5,33.76706102232161,34.760069133199046,0.6347614342147381
MouseSlice,salt_pepper,0.01,median_filter,3,5,3,5,2,3,0,0,0,1,2,3,0.0,-2.0,2025-11-11T04:55:33.579573,0.0,10.875,10.875,0.0,34.014192118553154,34.021314825363184
MouseSlice,salt_pepper,0.01,bilateral_filter,3,5,3,5,1,3,0,0,0,2,2,4,0.0,-3.0,2025-11-11T04:55:34.120426,0.0,9.5,9.5,0.0,33.95323500445562,33.96035771126566
MouseSlice,salt_pepper,0.01,non_local_means,3,5,3,5,1,2,0,0,0,2,3,5,0.0,-4.0,2025-11-11T04:55:34.914982,0.0,9.5,9.5,0.0,49.77912308077106,49.78980714098611
MouseSlice,salt_pepper,0.01,topological_denoising,3,5,3,5,1,3,0,0,0,2,2,4,0.0,-3.0,2025-11-11T04:55:35.554011,0.0,9.5,9.5,0.0,34.01022611161504,34.01734881842508
MouseSlice,salt_pepper,0.01,morphological_denoising,3,5,3,5,5,5,0,0,0,2,0,2,0.0,-1.0,2025-11-11T04:55:36.109574,0.0,12.347965391337702,12.347965391337702,0.0,6.053597077202539,6.053597077202539
MouseSlice,salt_pepper,0.03,median_filter,3,5,3,5,2,3,0,0,0,1,2,3,0.0,-2.0,2025-11-11T04:55:36.623072,1.0,10.875,12.0,0.0,34.019514126615185,34.000962449111796
MouseSlice,salt_pepper,0.03,bilateral_filter,3,5,3,5,1,3,0,0,0,2,2,4,0.0,-3.0,2025-11-11T04:55:37.139089,1.0,9.5,10.0,0.0,34.01022611161504,34.036834400963585
MouseSlice,salt_pepper,0.03,non_local_means,3,5,3,5,1,2,0,0,0,2,3,5,0.0,-4.0,2025-11-11T04:55:37.875153,1.0,9.5,10.0,0.0,49.752472651321504,49.73273387540071
MouseSlice,salt_pepper,0.03,topological_denoising,3,5,2,3,1,3,-1,-2,-3,2,2,4,-0.375,-0.33333333333333326,2025-11-11T04:55:38.487897,10.875,9.5,3.0,33.969072189410454,34.01022611161504,0.0
MouseSlice,salt_pepper,0.03,morphological_denoising,3,5,3,5,32,49,0,0,0,29,44,73,0.0,-72.0,2025-11-11T04:55:39.031513,1.0,107.96415936447602,112.58915936447602,0.0,226.7857161157218,226.9424156655426
MouseSlice,salt_pepper,0.05,median_filter,3,5,2,5,2,3,-1,0,-1,1,2,3,-0.125,-2.0,2025-11-11T04:55:39.484282,6.875,10.875,8.0,0.0,34.014192118553154,34.05261844048843
MouseSlice,salt_pepper,0.05,bilateral_filter,3,5,3,5,2,3,0,0,0,1,2,3,0.0,-2.0,2025-11-11T04:55:39.947214,1.0,10.875,12.0,0.0,33.95323500445562,33.940075820508426
MouseSlice,salt_pepper,0.05,non_local_means,3,5,3,5,1,2,0,0,0,2,3,5,0.0,-4.0,2025-11-11T04:55:40.713244,1.0,9.5,10.0,0.0,49.752472651321504,49.78911699197894
MouseSlice,salt_pepper,0.05,topological_denoising,3,5,3,5,1,3,0,0,0,2,2,4,0.0,-3.0,2025-11-11T04:55:41.397610,1.0,9.5,10.0,0.0,33.95323500445562,33.96832934217872
MouseSlice,salt_pepper,0.05,morphological_denoising,3,5,3,5,19,127,0,0,0,16,122,138,0.0,-137.0,2025-11-11T04:55:41.969527,0.0,58.53620219706012,58.53620219706012,0.0,545.9164793888568,547.5395850391176
MouseSlice,salt_pepper,0.08,median_filter,3,5,2,7,2,3,-1,2,1,1,2,3,0.125,-2.0,2025-11-11T04:55:42.519845,6.875,10.875,8.0,12.768087971102855,34.03535131157001,51.35627995715929
MouseSlice,salt_pepper,0.08,bilateral_filter,3,5,3,5,2,3,0,0,0,1,2,3,0.0,-2.0,2025-11-11T04:55:43.055736,1.0,10.875,12.0,0.0,33.95323500445562,33.94108013364328
MouseSlice,salt_pepper,0.08,non_local_means,3,5,2,5,1,2,-1,0,-1,2,3,5,-0.125,-4.0,2025-11-11T04:55:43.854444,6.875,9.5,7.0,0.0,49.752472651321504,49.86330725625805
MouseSlice,salt_pepper,0.08,topological_denoising,3,5,3,4,3,5,0,-1,-1,0,0,0,-0.125,1.0,2025-11-11T04:55:44.450270,7.0,0.0,7.0,22.06507759196194,0.05359707720253937,21.97180318177034
MouseSlice,salt_pepper,0.08,morphological_denoising,3,5,3,5,2,125,0,0,0,1,120,119,0.0,-118.0,2025-11-11T04:55:45.051769,1.0,13.697949016875157,14.822949016875157,0.0,566.6027568541364,562.8564669075103
MouseSlice,salt_pepper,0.1,median_filter,3,5,3,5,2,3,0,0,0,1,2,3,0.0,-2.0,2025-11-11T04:55:45.584698,1.0,10.875,12.0,0.05359707720253937,34.02606329656987,34.07640114019399
MouseSlice,salt_pepper,0.1,bilateral_filter,3,5,1,4,2,5,-2,-1,-3,1,0,1,-0.375,0.6666666666666667,2025-11-11T04:55:46.119694,9.5,7.875,5.0,22.396101443082202,13.285092799886442,10.001858724652806
MouseSlice,salt_pepper,0.1,non_local_means,3,5,1,3,1,2,-2,-2,-4,2,3,5,-0.5,-0.25,2025-11-11T04:55:46.903256,9.5,9.5,0.0,34.13109906509729,49.752472651321504,18.171719102238402
MouseSlice,salt_pepper,0.1,topological_denoising,3,5,1,3,2,3,-2,-2,-4,1,2,3,-0.5,0.25,2025-11-11T04:55:47.505839,9.5,10.875,3.0,34.389105981880434,34.09682674545442,0.25270964866797385
MouseSlice,salt_pepper,0.1,morphological_denoising,3,5,2,5,1,83,-1,0,-1,2,78,76,-0.125,-75.0,2025-11-11T04:55:48.024494,6.875,9.5,7.0,0.05359707720253937,388.71592398298833,389.4144570838747
Zebrafish,gaussian,0.01,median_filter,9,31,9,31,8,46,0,0,0,1,15,14,0.0,-13.0,2025-11-11T05:06:43.879158,0.0,2.3777421328045505,2.3777421328045505,0.0,12.071708525368607,12.029746644613454
Zebrafish,gaussian,0.01,bilateral_filter,9,31,9,34,8,28,0,3,3,1,3,4,0.07499999999999996,-0.33333333333333326,2025-11-11T05:06:43.941212,0.0,2.068539515424104,2.006039515424104,3.3300035772985206,2.4779183150136523,5.826348950670493
Zebrafish,gaussian,0.01,non_local_means,9,31,9,31,1,5,0,0,0,8,26,34,0.0,-33.0,2025-11-11T05:06:44.044422,0.0,9.59380036393182,9.59380036393182,0.0,59.40121715888465,59.38748094689445
Zebrafish,gaussian,0.01,topological_denoising,9,31,9,30,7,42,0,-1,-1,2,11,9,-0.025000000000000022,-8.0,2025-11-11T05:06:44.122126,0.0,3.978613021317629,3.853613021317629,0.7586899993381391,8.399255726030358,9.053756366944299
Zebrafish,gaussian,0.01,morphological_denoising,9,31,9,30,1,8,0,-1,-1,8,23,31,-0.025000000000000022,-30.0,2025-11-11T05:06:44.190411,0.0,9.59380036393182,8.59380036393182,0.7767527709996536,38.59648686797489,37.39747017044526
Zebrafish,gaussian,0.03,median_filter,9,31,9,30,6,44,0,-1,-1,3,13,10,-0.025000000000000022,-9.0,2025-11-11T05:06:44.265499,0.0,4.603190334445584,4.415690334445584,0.771873926121724,9.939985220316487,10.787628084645064
Zebrafish,gaussian,0.03,bilateral_filter,9,31,10,26,8,30,1,-5,-4,1,1,2,-0.09999999999999998,0.5,2025-11-11T05:06:44.333494,1.1014841209573172,1.2395801467562415,2.1605728188265014,5.158983076995635,0.8388893540314304,4.370860729751201
Zebrafish,gaussian,0.03,non_local_means,9,31,9,32,1,4,0,1,1,8,27,35,0.02499999999999991,-34.0,2025-11-11T05:06:44.446987,0.0,9.59380036393182,9.59380036393182,1.7986615983563234,70.44982388763724,71.12233418269639
Zebrafish,gaussian,0.03,topological_denoising,9,31,9,36,7,36,0,5,5,2,5,3,0.125,0.4,2025-11-11T05:06:44.525966,0.0,3.978613021317629,3.930867269911366,4.729042465890441,4.4740637423903085,1.9377422517014509
Zebrafish,gaussian,0.03,morphological_denoising,9,31,9,31,1,18,0,0,0,8,13,21,0.0,-20.0,2025-11-11T05:06:44.591871,0.0,9.59380036393182,8.59380036393182,0.0,12.913774535984773,12.772260001174415
Zebrafish,gaussian,0.05,median_filter,9,31,10,36,8,41,1,5,6,1,10,9,0.1499999999999999,-0.5,2025-11-11T05:06:44.681244,1.2636108137800544,2.9405145970243014,3.753446205654904,3.7312281614855825,7.883946248823385,4.216746220320453
Zebrafish,gaussian,0.05,bilateral_filter,9,31,9,32,8,28,0,1,1,1,3,4,0.02499999999999991,-3.0,2025-11-11T05:06:44.763145,0.0,2.1161770345463253,2.0923041588431937,1.3032558903539593,2.698973271434781,3.4972804521585843
Zebrafish,gaussian,0.05,non_local_means,9,31,9,32,1,3,0,1,1,8,28,36,0.02499999999999991,-35.0,2025-11-11T05:06:44.921823,0.0,9.59380036393182,9.215120707491463,0.7799354277086498,88.44104686891234,91.80686719114269
Zebrafish,gaussian,0.05,topological_denoising,9,31,10,29,7,40,1,-2,-1,2,9,7,-0.025000000000000022,-6.0,2025-11-11T05:06:45.014757,1.0605914555406621,3.9392683584009975,4.549482943690115,1.5956498815109899,7.04437607661095,8.817796314881129
Zebrafish,gaussian,0.05,morphological_denoising,9,31,10,32,1,11,1,1,2,8,20,28,0.050000000000000044,-13.0,2025-11-11T05:06:45.094184,1.1014841209573172,9.59380036393182,9.03368876780841,1.8282839390353829,29.441034568889478,29.945205973731742
Zebrafish,gaussian,0.08,median_filter,9,31,9,33,8,46,0,2,2,1,15,14,0.050000000000000044,-6.0,2025-11-11T05:06:45.159832,0.5175543501536715,2.0348938865893356,1.484875608762708,2.5846343269692573,11.316365963251043,11.058076736099395
Zebrafish,gaussian,0.08,bilateral_filter,9,31,9,28,7,31,0,-3,-3,2,0,2,-0.07499999999999996,0.33333333333333337,2025-11-11T05:06:45.249714,0.11953506150162418,2.8065866648504465,2.8563384191021854,5.502887137914525,2.23606797749979,3.1805954614061127
Zebrafish,gaussian,0.08,non_local_means,9,31,9,33,2,6,0,2,2,7,25,32,0.050000000000000044,-15.0,2025-11-11T05:06:45.378821,0.12310562561766059,9.82039328483783,9.451608303616307,2.54492096241079,49.62314056046716,51.367288112860734
Zebrafish,gaussian,0.08,topological_denoising,9,31,10,32,6,35,1,1,2,3,4,1,0.050000000000000044,0.5,2025-11-11T05:06:45.484988,1.1541882138174455,5.071285412980055,5.952554007904656,1.7912402104673426,3.416943985312383,3.6417482445797966
Zebrafish,gaussian,0.08,morphological_denoising,9,31,10,32,1,9,1,1,2,8,22,30,0.050000000000000044,-14.0,2025-11-11T05:06:45.572615,1.085212275467681,9.59380036393182,8.740795548994958,2.242528506598365,32.727016858119136,32.157784081864676
Zebrafish,gaussian,0.1,median_filter,9,31,12,35,7,34,3,4,7,2,3,1,0.17500000000000004,0.8571428571428572,2025-11-11T05:06:45.648333,3.5735571123845404,3.651647065278962,7.146903205073713,3.1923789278482397,2.642403572534708,1.3910986974065964
Zebrafish,gaussian,0.1,bilateral_filter,9,31,8,38,8,35,-1,7,6,1,4,3,0.1499999999999999,0.5,2025-11-11T05:06:45.713690,1.703527961310312,1.7055966181898294,0.0,5.311553590645758,3.223885600453892,2.086574714331463
Zebrafish,gaussian,0.1,non_local_means,9,31,10,25,2,4,1,-6,-5,7,27,34,-0.125,-5.8,2025-11-11T05:06:45.821449,1.3016520165012821,9.82039328483783,10.631470945103063,5.717224200125544,65.74973839559033,52.43370715925045
Zebrafish,gaussian,0.1,topological_denoising,9,31,11,25,7,44,2,-6,-4,2,13,11,-0.09999999999999998,-1.75,2025-11-11T05:06:45.914787,2.7913744352869823,3.435617136341762,4.809741409959093,9.250361309570284,10.600209814022046,20.672614057098052
Zebrafish,gaussian,0.1,morphological_denoising,9,31,13,34,1,14,4,3,7,8,17,25,0.17500000000000004,-2.5714285714285716,2025-11-11T05:06:45.995611,4.866062134916393,9.59380036393182,12.711490287309116,3.3041357988016378,16.98365551228628,20.204819823496152
Zebrafish,salt_pepper,0.01,median_filter,9,31,9,32,8,45,0,1,1,1,14,13,0.02499999999999991,-12.0,2025-11-11T05:06:46.052667,0.0,2.3483901894071684,2.3483901894071684,0.7410793797612438,10.47949931214548,9.533734568545718
Zebrafish,salt_pepper,0.01,bilateral_filter,9,31,9,30,8,26,0,-1,-1,1,5,6,-0.025000000000000022,-5.0,2025-11-11T05:06:46.120805,0.0,2.068539515424104,2.099789515424104,0.7558587851661958,4.0644099377391205,3.230574774889087
Zebrafish,salt_pepper,0.01,non_local_means,9,31,8,32,1,5,-1,1,0,8,26,34,0.0,-33.0,2025-11-11T05:06:46.230130,2.127795039181642,9.59380036393182,9.118033988749895,1.8341571082530002,58.714691018036234,58.606984845293965
Zebrafish,salt_pepper,0.01,topological_denoising,9,31,9,32,7,35,0,1,1,2,4,2,0.02499999999999991,-1.0,2025-11-11T05:06:46.309833,0.0,3.978613021317629,4.004501368965947,0.766430419470984,3.667274065301042,2.940970735104448
Zebrafish,salt_pepper,0.01,morphological_denoising,9,31,9,31,2,12,0,0,0,7,19,26,0.0,-25.0,2025-11-11T05:06:46.396580,0.0,9.381053456617654,9.381053456617654,0.0,19.52606285791539,19.59795300505899
Zebrafish,salt_pepper,0.03,median_filter,9,31,9,35,7,40,0,4,4,2,9,7,0.10000000000000009,-0.75,2025-11-11T05:06:46.482123,0.0,3.415944804883446,3.3789223581805463,4.025011395368999,7.395272265356673,5.462337712706276
Zebrafish,salt_pepper,0.03,bilateral_filter,9,31,8,27,8,30,-1,-4,-5,1,1,2,-0.125,0.6,2025-11-11T05:06:46.557644,2.179008553474863,2.130098435690427,0.0,3.244547681542503,1.8440839983372044,3.473391181690093
Zebrafish,salt_pepper,0.03,non_local_means,9,31,9,29,1,5,0,-2,-2,8,26,34,-0.050000000000000044,-16.0,2025-11-11T05:06:46.668908,0.8768943743823394,9.59380036393182,10.424095981291638,1.8447399514331684,57.15565821774264,53.74980510505702
Zebrafish,salt_pepper,0.03,topological_denoising,9,31,8,27,6,40,-1,-4,-5,3,9,6,-0.125,-0.19999999999999996,2025-11-11T05:06:46.744984,2.1705775542784416,5.142105806229992,5.122893730050874,4.564964914602076,7.100673591263326,11.440318324637921
Zebrafish,salt_pepper,0.03,morphological_denoising,9,31,9,34,1,12,0,3,3,8,19,27,0.07499999999999996,-8.0,2025-11-11T05:06:46.825373,0.0,9.59380036393182,10.260725631642915,3.3150311192673625,25.64533128786113,30.364645720516126
Zebrafish,salt_pepper,0.05,median_filter,9,31,9,32,6,42,0,1,1,3,11,8,0.02499999999999991,-7.0,2025-11-11T05:06:46.897947,0.0,4.638600531070551,4.638600531070551,1.2972635691328187,8.6948514680061,8.463208797926132
Zebrafish,salt_pepper,0.05,bilateral_filter,9,31,5,24,5,26,-4,-7,-11,4,5,9,-0.275,0.18181818181818177,2025-11-11T05:06:46.963184,5.527797073243569,5.376409254377572,0.0,10.3620484367782,6.676348651921961,3.630816366536958
Zebrafish,salt_pepper,0.05,non_local_means,9,31,9,30,1,3,0,-1,-1,8,28,36,-0.025000000000000022,-35.0,2025-11-11T05:06:47.097873,0.0,9.59380036393182,9.09380036393182,2.2571364711293396,81.0692929908926,77.0371890626282
Zebrafish,salt_pepper,0.05,topological_denoising,9,31,11,29,7,34,2,-2,0,2,3,1,0.0,0.0,2025-11-11T05:06:47.180103,2.3086050818846595,3.9589406898593134,5.851153713404165,2.622813722783212,2.5822160915761345,5.2048048198371655
Zebrafish,salt_pepper,0.05,morphological_denoising,9,31,7,22,2,10,-2,-9,-11,7,21,28,-0.275,-1.5454545454545454,2025-11-11T05:06:47.258971,3.278342000692436,9.82039328483783,5.890028323958245,12.462263666116675,24.949170792858126,19.28506987151154
Zebrafish,salt_pepper,0.08,median_filter,9,31,12,28,9,41,3,-3,0,0,10,10,0.0,-9.0,2025-11-11T05:06:47.336522,3.532269525421087,1.2946785008714703,4.462538246781506,3.489896510578831,8.152715438359033,11.307722527966503
Zebrafish,salt_pepper,0.08,bilateral_filter,9,31,8,27,7,32,-1,-4,-5,2,1,1,-0.125,0.8,2025-11-11T05:06:47.401872,2.2559032772907424,2.542042579702497,2.3276995216505134,5.093622003974833,2.823227670622557,3.545873543196949
Zebrafish,salt_pepper,0.08,non_local_means,9,31,10,25,2,3,1,-6,-5,7,28,35,-0.125,-6.0,2025-11-11T05:06:47.520167,2.0386198965030724,10.57039328483783,12.496903994999954,6.409192056159483,86.42306840294488,68.94746192455278
Zebrafish,salt_pepper,0.08,topological_denoising,9,31,8,22,8,41,-1,-9,-10,1,10,9,-0.25,0.09999999999999998,2025-11-11T05:06:47.622709,1.2597034026084861,2.4261811031526435,1.4142135623730945,11.434616668279013,8.811366269922054,20.56956021647083
Zebrafish,salt_pepper,0.08,morphological_denoising,9,31,9,25,1,9,0,-6,-6,8,22,30,-0.15000000000000002,-4.0,2025-11-11T05:06:47.699014,1.8768943743823394,9.59380036393182,10.081138830084189,6.243472891724929,31.022092104394115,24.696122025781758
Zebrafish,salt_pepper,0.1,median_filter,9,31,9,25,6,41,0,-6,-6,3,10,7,-0.15000000000000002,-0.16666666666666674,2025-11-11T05:06:47.756634,0.8768943743823394,5.1066956096050236,6.010265161531358,6.461756804536782,8.784101323754108,14.863801346701797
Zebrafish,salt_pepper,0.1,bilateral_filter,9,31,7,31,7,29,-2,0,-2,2,2,4,-0.050000000000000044,-1.0,2025-11-11T05:06:47.811654,2.65934598409863,2.65934598409863,0.0,2.23606797749979,3.739698936042587,1.4019727045862047
Zebrafish,salt_pepper,0.1,non_local_means,9,31,7,31,1,5,-2,0,-2,8,26,34,-0.050000000000000044,-16.0,2025-11-11T05:06:47.920620,2.361852774688465,9.59380036393182,6.975766375181925,2.101089107188102,56.78030698067489,53.74870610872961
Zebrafish,salt_pepper,0.1,topological_denoising,9,31,9,36,6,39,0,5,5,3,8,5,0.125,0.0,2025-11-11T05:06:47.992372,0.0,5.071285412980055,5.314319083034405,3.7878422272717294,6.623269086085194,3.1345078766501135
Zebrafish,salt_pepper,0.1,morphological_denoising,9,31,8,30,1,7,-1,-1,-2,8,24,32,-0.050000000000000044,-15.0,2025-11-11T05:06:48.058359,1.3121672638301618,9.59380036393182,9.975766375181925,2.9983581044028926,37.26472097830114,38.098210346582846
Defungi_H2_1a_6,gaussian,0.01,median_filter,10,22,10,19,7,18,0,-3,-3,3,4,7,-0.09375,-1.3333333333333335,2025-11-11T05:26:30.794148,0.2503180009625723,16.460999843465014,16.69963620249836,25.747154611626303,34.29357949964867,10.136165092875881
Defungi_H2_1a_6,gaussian,0.01,bilateral_filter,10,22,9,19,7,18,-1,-3,-4,3,4,7,-0.125,-0.75,2025-11-11T05:26:34.648482,5.8532299872582785,17.000695102827812,12.177592719399714,25.61361105736322,34.56710212803249,9.417480257275955
Defungi_H2_1a_6,gaussian,0.01,non_local_means,10,22,7,18,4,13,-3,-4,-7,6,9,15,-0.21875,-1.1428571428571428,2025-11-11T05:26:42.847973,18.570212147144993,44.31637052975017,24.36805017747198,34.187236271750564,87.59732680364493,52.149178653326246
Defungi_H2_1a_6,gaussian,0.01,topological_denoising,10,22,8,21,5,18,-2,-1,-3,5,4,9,-0.09375,-2.0,2025-11-11T05:26:47.829545,11.23865872107718,35.408988867707976,23.488087390061718,8.935970091660852,34.58767481351687,25.769427348996498
Defungi_H2_1a_6,gaussian,0.01,morphological_denoising,10,22,11,19,6,18,1,-3,-2,4,4,8,-0.0625,-3.0,2025-11-11T05:26:51.404482,6.66255102610604,24.724177179268104,32.144986748658894,24.617800199173697,34.50800066016405,9.28993688222863
Defungi_H2_1a_6,gaussian,0.03,median_filter,10,22,11,21,11,19,1,-1,0,1,3,2,0.0,-1.0,2025-11-11T05:26:54.996676,8.138201890205103,5.361248637434855,3.616051708728108,8.799957621095565,26.335766008378393,19.03387194406607
Defungi_H2_1a_6,gaussian,0.03,bilateral_filter,10,22,11,19,9,19,1,-3,-2,1,3,4,-0.0625,-1.0,2025-11-11T05:26:58.852626,6.296731255884669,7.394087810990024,13.523287558392607,27.110964964395706,25.059651317992568,2.0165277968261677
Defungi_H2_1a_6,gaussian,0.03,non_local_means,10,22,8,19,5,16,-2,-3,-5,5,6,11,-0.15625,-1.2000000000000002,2025-11-11T05:27:04.355673,14.124135058906713,38.61710689081535,24.412585687900126,25.112923639648574,53.14913225861913,27.850240768780132
Defungi_H2_1a_6,gaussian,0.03,topological_denoising,10,22,13,19,7,18,3,-3,0,3,4,7,0.0,-6.0,2025-11-11T05:27:08.890902,15.74320349270704,16.625082488410786,32.0058429917717,24.700021801532806,35.47097192057409,10.513650232848516
Defungi_H2_1a_6,gaussian,0.03,morphological_denoising,10,22,12,19,8,18,2,-3,-1,2,4,6,-0.03125,-5.0,2025-11-11T05:27:12.428848,12.066572759682895,11.776741411167995,24.486753846216374,25.681451597499137,35.199325735512716,10.183908533235211
Defungi_H2_1a_6,gaussian,0.05,median_filter,10,22,24,22,14,24,14,0,14,4,2,6,0.4375,0.5714285714285714,2025-11-11T05:27:16.137976,63.530885256613004,21.22905731558931,41.96424149432396,4.0,19.512716269222572,14.910866124251854
Defungi_H2_1a_6,gaussian,0.05,bilateral_filter,10,22,25,27,9,17,15,5,20,1,5,6,0.625,0.7,2025-11-11T05:27:20.165442,66.19619269020805,5.253039865223755,68.59424015862287,42.51380046884489,44.51421640556778,87.81661090452502
Defungi_H2_1a_6,gaussian,0.05,non_local_means,10,22,29,27,5,14,19,5,24,5,8,13,0.75,0.45833333333333337,2025-11-11T05:27:25.972872,90.45200868675516,38.86432830458443,152.71744615816075,37.193660906252404,75.72029799354934,116.38239118736159
Defungi_H2_1a_6,gaussian,0.05,topological_denoising,10,22,28,31,17,25,18,9,27,7,3,10,0.84375,0.6296296296296297,2025-11-11T05:27:30.168110,78.56708941700981,32.64810328068411,40.16280548363743,63.88537293250354,27.40266963548458,38.201330899689964
Defungi_H2_1a_6,gaussian,0.05,morphological_denoising,10,22,29,25,13,17,19,3,22,3,5,2,0.6875,0.9090909090909091,2025-11-11T05:27:33.907178,83.56427426459572,13.811584933039299,60.86935060100899,24.38734054025608,43.407991053946986,68.01241926997734
Defungi_H2_1a_6,gaussian,0.08,median_filter,10,22,56,52,33,38,46,30,76,23,16,39,2.375,0.48684210526315785,2025-11-11T05:27:37.680493,178.90806951435798,97.03480872877421,71.45811480292728,187.76024158323173,118.09444441576922,71.56600599638051
Defungi_H2_1a_6,gaussian,0.08,bilateral_filter,10,22,112,97,10,20,102,75,177,0,2,2,5.53125,0.9887005649717514,2025-11-11T05:27:41.369595,388.85344734474444,3.1505667587207924,373.10121153852964,422.03594887521933,17.85933381900641,438.22374537527946
Defungi_H2_1a_6,gaussian,0.08,non_local_means,10,22,99,118,4,12,89,96,185,6,10,16,5.78125,0.9135135135135135,2025-11-11T05:27:46.987430,343.6541873995848,44.62569359569322,533.7497944236002,513.927697941245,102.1903759917348,808.6760516785599
Defungi_H2_1a_6,gaussian,0.08,topological_denoising,10,22,107,124,56,56,97,102,199,46,34,80,6.21875,0.5979899497487438,2025-11-11T05:27:51.328047,396.94352743763244,195.1917174064087,141.60277290232065,563.9239147060093,225.40232820168404,214.04060902498026
Defungi_H2_1a_6,gaussian,0.08,morphological_denoising,10,22,107,99,39,47,97,77,174,29,25,54,5.4375,0.6896551724137931,2025-11-11T05:27:55.058286,386.23951595599226,165.19946032651083,262.3698611623897,419.62828530739046,202.65344697958827,199.1996180577164
Defungi_H2_1a_6,gaussian,0.1,median_filter,10,22,151,109,95,91,141,87,228,85,69,154,7.125,0.32456140350877194,2025-11-11T05:27:58.812586,528.0081395119093,323.2697063152256,139.39622280980862,482.16751208388445,416.5828153837772,60.11698974958985
Defungi_H2_1a_6,gaussian,0.1,bilateral_filter,10,22,134,118,15,23,124,96,220,5,1,6,6.875,0.9727272727272728,2025-11-11T05:28:02.776414,482.2893796745475,24.03073666427174,422.3235898104988,517.690069055466,7.6480735423387465,491.83476975757094
Defungi_H2_1a_6,gaussian,0.1,non_local_means,10,22,116,118,5,14,106,96,202,5,8,13,6.3125,0.9356435643564356,2025-11-11T05:28:08.170135,420.04342313842443,37.853068163083734,624.9568002016279,531.1600130930065,76.92022207309566,747.0628051194261
Defungi_H2_1a_6,gaussian,0.1,topological_denoising,10,22,116,122,80,88,106,100,206,70,66,136,6.4375,0.3398058252427184,2025-11-11T05:28:12.802336,414.7382331820549,271.28512023411423,105.9200098926953,543.0288986722564,396.5163182599281,83.68034946225359
Defungi_H2_1a_6,gaussian,0.1,morphological_denoising,10,22,139,108,52,63,129,86,215,42,41,83,6.71875,0.613953488372093,2025-11-11T05:28:16.697439,484.5718870748674,202.78181387960544,275.4245706528858,471.12027425194077,299.3655870464538,163.13142997412652
Defungi_H2_1a_6,salt_pepper,0.01,median_filter,10,22,9,19,8,18,-1,-3,-4,2,4,6,-0.125,-0.5,2025-11-11T05:28:20.242383,5.576501139746746,11.129522598622312,5.7660104358261535,25.49617793381155,34.02968432545942,9.59143444998686
Defungi_H2_1a_6,salt_pepper,0.01,bilateral_filter,10,22,9,20,6,18,-1,-2,-3,4,4,8,-0.09375,-1.6666666666666665,2025-11-11T05:28:23.913576,5.576501139746746,25.55001495167041,20.229417332096567,16.816304977719426,34.144730995780826,17.628248665083785
Defungi_H2_1a_6,salt_pepper,0.01,non_local_means,10,22,8,18,4,13,-2,-4,-6,6,9,15,-0.1875,-1.5,2025-11-11T05:28:29.453318,11.814520480306875,45.03615970543309,31.162575307651277,34.57282507619537,87.39781718350679,52.47431173652369
Defungi_H2_1a_6,salt_pepper,0.01,topological_denoising,10,22,9,18,5,16,-1,-4,-5,5,6,11,-0.15625,-1.2000000000000002,2025-11-11T05:28:34.014129,5.576501139746746,33.89301663669298,28.34273065299861,35.74796303038749,53.283412579259476,20.852552678967534
Defungi_H2_1a_6,salt_pepper,0.01,morphological_denoising,10,22,9,19,16,26,-1,-3,-4,6,4,10,-0.125,-1.5,2025-11-11T05:28:37.725200,5.576501139746746,50.512580141382976,58.847335035230614,25.46114046793219,44.40508530772009,69.8425718055366
Defungi_H2_1a_6,salt_pepper,0.03,median_filter,10,22,7,17,8,18,-3,-5,-8,2,4,6,-0.25,0.25,2025-11-11T05:28:41.625220,24.245087639833923,11.129522598622312,13.050591129979638,46.88124798667113,33.99251422066233,12.917171967550143
Defungi_H2_1a_6,salt_pepper,0.03,bilateral_filter,10,22,7,17,8,19,-3,-5,-8,2,3,5,-0.25,0.375,2025-11-11T05:28:45.182566,24.166727195009774,11.13431307029888,13.026866217543207,47.1103284423169,25.2692418448134,21.516003476254397
Defungi_H2_1a_6,salt_pepper,0.03,non_local_means,10,22,7,17,4,13,-3,-5,-8,6,9,15,-0.25,-0.875,2025-11-11T05:28:50.516366,24.47742514517201,46.379353679802165,26.21246492591054,47.056617116797796,87.42529204372637,45.22147924955655
Defungi_H2_1a_6,salt_pepper,0.03,topological_denoising,10,22,7,17,5,16,-3,-5,-8,5,6,11,-0.25,-0.375,2025-11-11T05:28:54.803771,24.166727195009774,34.02455714630883,19.902585296495946,46.90946174982005,53.364145882307696,13.318710478732294
Defungi_H2_1a_6,salt_pepper,0.03,morphological_denoising,10,22,7,17,232,187,-3,-5,-8,222,165,387,-0.25,-47.375,2025-11-11T05:28:58.579422,24.357710200634823,930.8013267533867,1081.0059760446113,46.959520457968424,901.0169334519123,1073.190228436641
Defungi_H2_1a_6,salt_pepper,0.05,median_filter,10,22,3,2,8,19,-7,-20,-27,2,3,5,-0.84375,0.8148148148148149,2025-11-11T05:29:02.446002,123.29847328674774,11.101347689726882,99.87844766463883,644.7551675838397,24.845900835977492,566.1059155981097
Defungi_H2_1a_6,salt_pepper,0.05,bilateral_filter,10,22,3,2,9,20,-7,-20,-27,1,2,3,-0.84375,0.8888888888888888,2025-11-11T05:29:05.968756,123.29847328674774,6.950217214105507,113.5996971368566,644.7551675838397,15.867981873693921,589.0838718924377
Defungi_H2_1a_6,salt_pepper,0.05,non_local_means,10,22,3,2,5,15,-7,-20,-27,5,7,12,-0.84375,0.5555555555555556,2025-11-11T05:29:11.326310,123.29847328674774,36.444221401887255,63.41957518228103,644.7551675838397,64.64362721839224,459.8124123552405
Defungi_H2_1a_6,salt_pepper,0.05,topological_denoising,10,22,3,2,5,16,-7,-20,-27,5,6,11,-0.84375,0.5925925925925926,2025-11-11T05:29:15.739110,123.29847328674774,33.89301663669298,62.39909327620332,644.7551675838397,53.39948474662387,487.03260276482763
Defungi_H2_1a_6,salt_pepper,0.05,morphological_denoising,10,22,2,1,223,757,-8,-21,-29,213,735,948,-0.90625,-31.689655172413794,2025-11-11T05:29:19.511683,168.74817421932303,745.7577392873969,3334.456904387245,1138.196109214487,3326.3104898502656,36060.45079257028
Defungi_H2_1a_6,salt_pepper,0.08,median_filter,10,22,2,2,8,19,-8,-20,-28,2,3,5,-0.875,0.8214285714285714,2025-11-11T05:29:23.307334,171.74817421932303,11.262504462767742,139.98860254772205,630.4122380979016,24.930980573035225,554.5465440450562
Defungi_H2_1a_6,salt_pepper,0.08,bilateral_filter,10,22,3,2,6,17,-7,-20,-27,4,5,9,-0.84375,0.6666666666666667,2025-11-11T05:29:26.890403,123.29847328674774,24.752634575224228,72.97195171559446,644.7551675838397,44.515275426903955,513.2125334262314
Defungi_H2_1a_6,salt_pepper,0.08,non_local_means,10,22,2,1,4,13,-8,-21,-29,6,9,15,-0.90625,0.48275862068965514,2025-11-11T05:29:32.155672,168.74817421932303,47.59621924996162,68.53681862859946,1138.196109214487,90.72409702281843,706.1625664428988
Defungi_H2_1a_6,salt_pepper,0.08,topological_denoising,10,22,3,2,7,18,-7,-20,-27,3,4,7,-0.84375,0.7407407407407407,2025-11-11T05:29:36.283615,123.29847328674774,17.666348123921928,88.03349178560147,644.8693245826861,33.85279884523715,539.8554410059746
Defungi_H2_1a_6,salt_pepper,0.08,morphological_denoising,10,22,2,1,19,870,-8,-21,-29,9,848,857,-0.90625,-28.551724137931036,2025-11-11T05:29:40.438095,168.74817421932303,43.70861669656959,299.0686668392081,1138.196109214487,3961.3474404548065,41567.5180934071
Defungi_H2_1a_6,salt_pepper,0.1,median_filter,10,22,2,1,8,19,-8,-21,-29,2,3,5,-0.90625,0.8275862068965517,2025-11-11T05:29:43.975902,168.74817421932303,10.93653867032892,137.5119771742559,1138.196109214487,24.928339653837956,994.1162300248961
Defungi_H2_1a_6,salt_pepper,0.1,bilateral_filter,10,22,2,1,10,21,-8,-21,-29,0,1,1,-0.90625,0.9655172413793104,2025-11-11T05:29:47.504188,168.74817421932303,0.1505667587207924,169.68625570846459,1138.196109214487,8.894218030748736,1091.6141610773618
Defungi_H2_1a_6,salt_pepper,0.1,non_local_means,10,22,3,2,6,16,-7,-20,-27,4,6,10,-0.84375,0.6296296296296297,2025-11-11T05:29:52.944125,123.29847328674774,30.15824504708171,75.50051604007501,644.7551675838397,52.832512714019884,485.5078590088145
Defungi_H2_1a_6,salt_pepper,0.1,topological_denoising,10,22,3,2,8,19,-7,-20,-27,2,3,5,-0.84375,0.8148148148148149,2025-11-11T05:29:56.977743,123.29847328674774,10.900896085039069,99.90430230844207,644.7551675838397,25.16296756209632,567.019572016538
Defungi_H2_1a_6,salt_pepper,0.1,morphological_denoising,10,22,3,2,5,659,-7,-20,-27,5,637,632,-0.84375,-22.40740740740741,2025-11-11T05:30:00.665480,123.29847328674774,32.60920914712429,73.90450849718748,644.0525665369314,3067.609802881497,16976.870409385574
Mouserbirn_neuronal,gaussian,0.01,median_filter,88,308,93,331,72,255,5,23,28,16,53,69,0.07070707070707072,-1.4642857142857144,2025-11-11T05:50:41.943409,6.270407514700358,23.931812362295645,29.395305618786825,16.173075212717464,39.28763695683095,55.16828240241804
Mouserbirn_neuronal,gaussian,0.01,bilateral_filter,88,308,91,328,46,133,3,20,23,42,175,217,0.05808080808080818,-8.434782608695652,2025-11-11T05:50:48.527599,3.687240377947412,69.50393890531821,73.42689509303511,13.994301333491343,149.42676188281473,163.99883772373406
Mouserbirn_neuronal,gaussian,0.01,non_local_means,88,308,91,323,3,5,3,15,18,85,303,388,0.045454545454545414,-20.555555555555557,2025-11-11T05:50:54.223822,3.4378077874778143,266.50564371786953,275.0447603384932,10.578976471274114,1718.6969029930287,1799.342621155616
Mouserbirn_neuronal,gaussian,0.01,topological_denoising,88,308,90,305,20,47,2,-3,-1,68,261,329,-0.002525252525252486,-328.0,2025-11-11T05:50:58.918850,2.260968869823441,132.9051146449908,134.89042614590278,2.3754443471677966,334.4877650792307,333.9491945177074
Mouserbirn_neuronal,gaussian,0.01,morphological_denoising,88,308,92,316,1,1,4,8,12,87,307,394,0.030303030303030276,-31.833333333333336,2025-11-11T05:51:02.868832,4.53303218062826,100.30432800304092,101.3369429740258,5.640373474636967,1303.8384167550462,1336.3747839416794
Mouserbirn_neuronal,gaussian,0.03,median_filter,88,308,100,318,70,217,12,10,22,18,91,109,0.05555555555555558,-3.954545454545454,2025-11-11T05:51:06.736267,13.461582656937205,23.670773941134758,37.8508805661742,7.317896769517748,70.39101719668523,79.73349369893934
Mouserbirn_neuronal,gaussian,0.03,bilateral_filter,88,308,96,358,49,146,8,50,58,39,162,201,0.1464646464646464,-2.4655172413793105,2025-11-11T05:51:10.581516,9.059711135780994,63.39002087095956,74.33011107640917,35.12970421685547,134.699496518887,173.1999758571484
Mouserbirn_neuronal,gaussian,0.03,non_local_means,88,308,96,357,2,4,8,49,57,86,304,390,0.14393939393939403,-5.842105263157895,2025-11-11T05:51:16.265866,9.076574360462729,328.9539487268823,357.2964436508548,33.9264031317131,1989.3059480269599,2293.047526123135
Mouserbirn_neuronal,gaussian,0.03,topological_denoising,88,308,94,324,51,184,6,16,22,37,124,161,0.05555555555555558,-6.318181818181818,2025-11-11T05:51:21.164287,6.750695453578894,56.350076787404454,63.643560166256684,11.633475755507387,99.74909417197912,112.13976347117793
Mouserbirn_neuronal,gaussian,0.03,morphological_denoising,88,308,98,358,1,6,10,50,60,87,302,389,0.1515151515151516,-5.483333333333333,2025-11-11T05:51:25.293269,11.986776859549355,100.30432800304092,109.13052017461604,35.076070027925326,355.2486558177269,403.02305372786304
Mouserbirn_neuronal,gaussian,0.05,median_filter,88,308,105,346,68,238,17,38,55,20,70,90,0.13888888888888884,-0.6363636363636365,2025-11-11T05:51:29.100414,19.96694005170959,26.882198047232023,48.979154883439804,27.64723701568843,54.31664995886833,82.16825111065857
Mouserbirn_neuronal,gaussian,0.05,bilateral_filter,88,308,102,345,46,158,14,37,51,42,150,192,0.1287878787878789,-2.764705882352941,2025-11-11T05:51:33.086661,15.721257641341708,65.80040319200214,84.38852944010196,26.261362304343407,120.58130392303082,149.07055200663504
Mouserbirn_neuronal,gaussian,0.05,non_local_means,88,308,97,329,2,4,9,21,30,86,304,390,0.07575757575757569,-12.0,2025-11-11T05:51:41.153578,10.34975179094927,313.51158036915723,342.7247150637504,14.993224969825368,1980.9640682994727,2115.0430157528012
Mouserbirn_neuronal,gaussian,0.05,topological_denoising,88,308,98,366,69,252,10,58,68,19,56,75,0.1717171717171717,-0.10294117647058831,2025-11-11T05:51:47.719684,12.327157005839272,26.483448107178194,39.783452742665915,41.112484650999235,43.13658843541944,83.37955956316884
Mouserbirn_neuronal,gaussian,0.05,morphological_denoising,88,308,91,364,1,1,3,56,59,87,307,394,0.148989898989899,-5.677966101694915,2025-11-11T05:51:51.983547,3.339092433185214,100.30432800304092,96.58244805693259,38.97237836474625,1325.594847302123,1561.8090281813943
Mouserbirn_neuronal,gaussian,0.08,median_filter,88,308,110,381,76,241,22,73,95,12,67,79,0.23989898989898983,0.16842105263157892,2025-11-11T05:51:56.210208,25.38892807920053,16.24980120370214,43.92024323069863,53.30949877409066,50.54704329193539,106.62694019404721
Mouserbirn_neuronal,gaussian,0.08,bilateral_filter,88,308,117,373,49,132,29,65,94,39,176,215,0.23737373737373746,-1.2872340425531914,2025-11-11T05:52:00.340892,34.20828312780584,54.28777658467131,94.87677234663224,46.176567273430265,160.47208030640348,215.2170207579298
Mouserbirn_neuronal,gaussian,0.08,non_local_means,88,308,103,315,3,4,15,7,22,85,304,389,0.05555555555555558,-16.681818181818183,2025-11-11T05:52:07.433635,17.739836626581273,303.1215509034392,358.34524715055954,7.271416863794438,1914.5797485061191,1968.9443363761302
Mouserbirn_neuronal,gaussian,0.08,topological_denoising,88,308,120,371,75,272,32,63,95,13,36,49,0.23989898989898983,0.4842105263157894,2025-11-11T05:52:13.932174,37.62079072044568,18.31891171207149,58.69872852532254,47.00504458870195,26.655004548881124,72.42629017394367
Mouserbirn_neuronal,gaussian,0.08,morphological_denoising,88,308,97,363,1,1,9,55,64,87,307,394,0.16161616161616155,-5.15625,2025-11-11T05:52:24.987327,11.177308043788699,100.30432800304092,113.35911397155085,40.21549684482639,1349.3142323805794,1596.1217022560222
Mouserbirn_neuronal,gaussian,0.1,median_filter,88,308,133,389,76,287,45,81,126,12,21,33,0.3181818181818181,0.7380952380952381,2025-11-11T05:52:31.826548,53.27178928839188,16.524081012434344,74.23368921604533,59.53834102962798,15.616153787578412,71.39768287798512
Mouserbirn_neuronal,gaussian,0.1,bilateral_filter,88,308,124,391,57,146,36,83,119,31,162,193,0.3005050505050506,-0.6218487394957983,2025-11-11T05:52:36.744878,43.00643919444984,42.6104529690779,91.20025580760284,61.30079040455604,134.8823187851636,204.36115796244522
Mouserbirn_neuronal,gaussian,0.1,non_local_means,88,308,137,421,3,6,49,113,162,85,302,387,0.40909090909090917,-1.3888888888888888,2025-11-11T05:52:44.966486,59.14726960457855,411.8067286782665,644.382400072613,80.99809561739872,1338.3750062101076,1821.7975961557856
Mouserbirn_neuronal,gaussian,0.1,topological_denoising,88,308,137,341,73,262,49,33,82,15,46,61,0.20707070707070696,0.25609756097560976,2025-11-11T05:52:51.118451,58.45754806873051,20.652078891921096,83.9651101825896,30.814153942737498,36.73682197457268,64.15624357350794
Mouserbirn_neuronal,gaussian,0.1,morphological_denoising,88,308,122,386,1,1,34,78,112,87,307,394,0.2828282828282829,-2.517857142857143,2025-11-11T05:52:56.292797,40.62746974687352,100.30432800304092,148.16571654460012,59.341325141735936,1311.1350094132072,1654.9634010265563
Mouserbirn_neuronal,salt_pepper,0.01,median_filter,88,308,72,307,75,278,-16,-1,-17,13,30,43,-0.04292929292929293,-1.5294117647058822,2025-11-11T05:53:02.713683,17.46954957744296,19.798863260044275,7.438686811081819,1.1123572932217431,21.86294267514169,21.688729067260443
Mouserbirn_neuronal,salt_pepper,0.01,bilateral_filter,88,308,69,303,46,152,-19,-5,-24,42,156,198,-0.06060606060606055,-7.25,2025-11-11T05:53:06.717605,21.93434119395415,62.465912821947974,35.63085596220611,3.9465065778774164,126.77313689477839,123.28778348734718
Mouserbirn_neuronal,salt_pepper,0.01,non_local_means,88,308,73,291,4,4,-15,-17,-32,84,304,388,-0.08080808080808077,-11.125,2025-11-11T05:53:12.483200,17.563511373180805,195.45119879654487,155.86502427325493,12.844850920181166,2079.836888193325,1974.039767250945
Mouserbirn_neuronal,salt_pepper,0.01,topological_denoising,88,308,70,306,54,194,-18,-2,-20,34,114,148,-0.0505050505050505,-6.4,2025-11-11T05:53:16.891772,20.58202081329025,52.07181691469484,26.692610357227448,1.8216320997396864,90.06947814253398,89.21305527289209
Mouserbirn_neuronal,salt_pepper,0.01,morphological_denoising,88,308,74,303,1,2,-14,-5,-19,87,306,393,-0.04797979797979801,-19.68421052631579,2025-11-11T05:53:20.911496,16.517711713152043,100.30432800304092,67.23559192229017,4.006281147013302,657.4897173829047,650.0848345074444
Mouserbirn_neuronal,salt_pepper,0.03,median_filter,88,308,10,237,76,260,-78,-71,-149,12,48,60,-0.3762626262626263,0.5973154362416108,2025-11-11T05:53:24.825656,76.86147182328648,16.973156294287726,75.85481820537524,54.578232667357604,35.05034458168639,19.947179551322048
Mouserbirn_neuronal,salt_pepper,0.03,bilateral_filter,88,308,12,239,1,116,-76,-69,-145,87,192,279,-0.36616161616161613,-0.9241379310344828,2025-11-11T05:53:28.997469,74.4238235553569,100.30432800304092,7.414213562373095,52.650881924340005,142.47112653088732,93.52832121682792
Mouserbirn_neuronal,salt_pepper,0.03,non_local_means,88,308,8,231,4,6,-80,-77,-157,84,302,386,-0.3964646464646465,-1.4585987261146496,2025-11-11T05:53:34.853956,76.83121812947695,219.80041985079842,21.515321088188895,59.88324121548395,1485.9535324284222,1135.3496888998286
Mouserbirn_neuronal,salt_pepper,0.03,topological_denoising,88,308,11,230,68,260,-77,-78,-155,20,48,68,-0.39141414141414144,0.5612903225806452,2025-11-11T05:53:39.346811,77.93226966475797,26.6006029072757,67.118735758323,60.34422831465716,36.03033515426198,26.712223684785993
Mouserbirn_neuronal,salt_pepper,0.03,morphological_denoising,88,308,15,239,1,6,-73,-69,-142,87,302,389,-0.35858585858585856,-1.73943661971831,2025-11-11T05:53:43.237696,71.62590047362042,100.30432800304092,9.414213562373096,52.47439076149543,249.59901464778824,203.0586235540732
Mouserbirn_neuronal,salt_pepper,0.05,median_filter,88,308,2,164,72,266,-86,-144,-230,16,42,58,-0.5808080808080809,0.7478260869565218,2025-11-11T05:53:47.052372,77.07570234633057,24.128852943725434,78.58641576550646,111.65365038270909,30.662557488429105,80.1551048417881
Mouserbirn_neuronal,salt_pepper,0.05,bilateral_filter,88,308,1,157,1,87,-87,-151,-238,87,221,308,-0.601010101010101,-0.2941176470588236,2025-11-11T05:53:51.081700,100.30432800304092,100.30432800304092,0.0,121.56452577814966,179.9644830231443,62.30268392414794
Mouserbirn_neuronal,salt_pepper,0.05,non_local_means,88,308,1,174,4,5,-87,-134,-221,84,303,387,-0.5580808080808081,-0.751131221719457,2025-11-11T05:53:56.675611,100.30432800304092,234.23454310583438,12.800735254367723,101.97073031380782,1662.4867150012278,963.392878429069
Mouserbirn_neuronal,salt_pepper,0.05,topological_denoising,88,308,2,163,69,262,-86,-145,-231,19,46,65,-0.5833333333333333,0.7186147186147186,2025-11-11T05:54:01.197615,85.56708037497903,25.884993731039863,79.24599629182943,113.0939554730266,35.082064077453566,79.68660460473933
Mouserbirn_neuronal,salt_pepper,0.05,morphological_denoising,88,308,1,168,1,5,-87,-140,-227,87,303,390,-0.5732323232323233,-0.7180616740088106,2025-11-11T05:54:05.346804,100.30432800304092,100.30432800304092,0.0,108.99567034777206,347.7648790651393,199.12328001713513
Mouserbirn_neuronal,salt_pepper,0.08,median_filter,88,308,1,183,73,247,-87,-125,-212,15,61,76,-0.5353535353535354,0.6415094339622642,2025-11-11T05:54:09.533383,100.30432800304092,20.91424709790786,103.50759259988101,101.28666876169225,44.67458310010686,54.50662501227119
Mouserbirn_neuronal,salt_pepper,0.08,bilateral_filter,88,308,1,191,1,115,-87,-117,-204,87,193,280,-0.5151515151515151,-0.37254901960784315,2025-11-11T05:54:13.523099,100.30432800304092,100.30432800304092,0.0,90.99313747601511,146.8602357052623,61.47978216233275
Mouserbirn_neuronal,salt_pepper,0.08,non_local_means,88,308,2,183,2,8,-86,-125,-211,86,300,386,-0.5328282828282829,-0.8293838862559242,2025-11-11T05:54:19.274127,97.57570234633057,342.7631437891731,11.341664064126334,100.67993486775681,1209.5668030935922,747.9277190591415
Mouserbirn_neuronal,salt_pepper,0.08,topological_denoising,88,308,1,173,60,263,-87,-135,-222,28,45,73,-0.5606060606060606,0.6711711711711712,2025-11-11T05:54:23.604940,100.30432800304092,38.94090251964674,87.65704244896135,108.4095790341986,34.22699679764075,74.37653095575303
Mouserbirn_neuronal,salt_pepper,0.08,morphological_denoising,88,308,2,170,1,4,-86,-138,-224,87,304,391,-0.5656565656565656,-0.7455357142857142,2025-11-11T05:54:27.561477,77.07570234633057,100.30432800304092,0.5,111.63740223309574,519.8181882347171,302.3340911987048
Mouserbirn_neuronal,salt_pepper,0.1,median_filter,88,308,1,204,80,270,-87,-104,-191,8,38,46,-0.4823232323232324,0.7591623036649214,2025-11-11T05:54:31.558595,100.30432800304092,12.46135040134547,111.19472587503583,86.75106051215889,27.71281047540557,56.55447553105455
Mouserbirn_neuronal,salt_pepper,0.1,bilateral_filter,88,308,2,199,1,136,-86,-109,-195,87,172,259,-0.49242424242424243,-0.32820512820512815,2025-11-11T05:54:35.484876,77.07570234633057,100.30432800304092,0.5,90.4322696931091,141.21577308554373,58.00021211477789
Mouserbirn_neuronal,salt_pepper,0.1,non_local_means,88,308,2,232,3,10,-86,-76,-162,85,298,383,-0.40909090909090906,-1.3641975308641974,2025-11-11T05:54:41.252342,97.57570234633057,233.7693319266134,13.334300522229794,61.77831509292036,999.0712636771894,778.0007961880364
Mouserbirn_neuronal,salt_pepper,0.1,topological_denoising,88,308,2,215,73,288,-86,-93,-179,15,20,35,-0.452020202020202,0.8044692737430168,2025-11-11T05:54:45.632226,77.07570234633057,21.480252384910635,77.02775043676147,76.27340770036616,15.159865687900634,59.52787764458871
Mouserbirn_neuronal,salt_pepper,0.1,morphological_denoising,88,308,1,216,1,2,-87,-92,-179,87,306,393,-0.452020202020202,-1.1955307262569832,2025-11-11T05:54:49.683069,100.30432800304092,100.30432800304092,0.0,75.73958176936291,579.5275184204719,424.22764404870355
